000011 741.60 48.96 10.08 37.94
000011 711.00 58.00 9.00 42.49
000011 730.80 127.20 9.60 39.84
000011 731.00 128.00 10.00 38.24
000011 627.26 150.34 3.46 110.66
000011 627.06 131.88 2.49 153.70
000011 630.00 34.00 3.00 127.48
000011 720.00 66.00 9.60 39.84
000011 634.52 134.78 4.15 92.22
000011 201.14 300.67 45.62 8.38
000011 800.41 99.53 16.59 23.05
000011 627.06 128.99 3.58 106.73
000011 630.00 39.00 3.00 127.48
000011 760.00 45.00 10.00 38.24
000011 910.73 241.86 29.86 12.81
000011 738.00 61.20 9.60 39.84
000011 916.80 49.20 28.80 13.28
000011 711.60 57.60 9.60 39.84
000011 738.00 61.00 10.00 38.24
000011 715.20 46.80 9.60 39.84
000011 626.40 131.04 2.88 132.79
000011 812.16 55.30 19.01 20.12
000011 709.00 71.00 9.00 42.49
000011 738.00 50.00 10.00 38.24
000011 784.51 95.04 15.55 24.59
000011 625.54 131.33 3.46 110.66
000011 627.06 131.38 2.99 128.08
000011 711.00 70.00 9.00 42.49
000011 639.36 69.12 2.88 132.79
000011 626.40 151.20 2.40 159.35
000011 718.80 45.60 9.60 39.84
000011 626.40 151.20 2.88 132.79
000011 626.23 151.37 2.07 184.43
000011 767.00 43.00 11.00 34.77
000011 631.00 36.00 3.00 127.48
000011 727.20 92.40 9.60 39.84
000011 800.06 100.22 17.28 22.13
000011 918.60 70.50 26.96 14.19
000011 634.52 124.42 2.49 153.70
000011 725.59 95.55 8.96 42.69
000011 741.60 49.20 9.60 39.84
000011 915.84 50.40 27.36 13.98
000011 634.52 126.49 2.07 184.43
000011 863.55 211.41 21.50 17.79
000011 742.00 49.00 10.00 38.24
000011 725.00 53.00 9.00 42.49
000011 634.18 134.78 3.46 110.66
000011 626.23 130.64 4.15 92.22
000011 627.06 149.30 2.49 153.70
000011 634.52 134.37 2.49 153.70
000011 633.60 135.60 2.40 159.35
000011 633.60 38.40 3.60 106.23
000011 636.48 154.08 4.32 88.53
000011 633.60 136.80 2.88 132.79
000011 864.00 210.24 23.04 16.60
000011 862.27 209.09 22.46 17.02
000011 854.32 228.10 22.81 16.77
000011 633.03 122.43 2.99 128.08
000011 633.00 39.00 3.00 127.48
000011 627.00 151.00 3.00 127.48
000011 715.00 47.00 9.00 42.49
000011 787.00 95.00 18.00 21.25
000011 552.00 62.40 6.00 63.74
000011 551.23 62.21 5.18 73.77
000011 792.12 97.46 16.59 23.05
000011 728.00 53.00 10.00 38.24
000011 314.40 150.00 19.40 19.71
000011 790.80 98.40 16.80 22.76
000011 741.60 130.80 10.80 35.41
000011 626.40 130.80 3.60 106.24
000011 710.21 55.30 8.64 44.26
000011 316.22 146.88 19.01 20.12
000011 632.45 164.16 3.46 110.66
000011 632.45 143.08 4.15 92.22
000011 630.04 143.33 2.99 128.08
000011 820.55 197.07 21.50 17.79
000011 625.00 131.00 2.00 191.22
000011 633.60 141.12 2.88 132.79
000011 853.99 226.93 22.89 16.71
000011 731.00 52.00 10.00 38.24
000011 765.50 95.04 10.37 36.89
000011 209.43 153.45 16.59 23.05
000011 701.71 136.86 9.95 38.42
000011 633.03 134.37 2.99 128.08
000011 719.00 66.00 9.00 42.49
000011 753.00 35.00 10.00 38.24
000011 727.20 42.00 8.40 45.53
000011 738.20 128.56 10.37 36.89
000011 791.29 97.04 14.93 25.62
000011 801.24 99.53 17.42 21.96
000011 865.94 209.02 23.89 16.01
000011 831.30 189.91 21.50 17.79
000011 720.00 142.00 9.00 42.49
000011 755.00 46.00 9.00 42.49
000011 726.00 64.00 10.00 38.24
000011 734.55 128.99 10.75 35.58
000011 659.00 148.00 4.00 95.61
000011 728.00 42.00 10.00 38.24
000011 639.00 54.00 3.00 127.48
000011 764.40 56.40 10.40 36.77
000011 862.62 209.43 20.74 18.44
000011 643.20 48.00 3.60 106.24
000011 766.80 43.20 10.80 35.41
000011 638.40 69.60 2.40 159.35
000011 332.64 149.76 25.92 14.75
000011 590.40 194.40 15.84 24.14
000011 323.48 147.23 18.66 20.49
000011 643.68 48.96 4.32 88.53
000011 318.51 149.30 19.91 19.21
000011 435.95 140.34 14.93 25.62
000011 644.00 48.00 4.00 95.61
000011 720.00 66.24 10.08 37.94
000011 302.40 148.61 19.01 20.12
000011 317.26 147.23 20.74 18.44
000011 437.15 143.33 14.33 26.68
000011 762.00 33.00 11.00 34.77
000011 633.60 147.60 3.60 106.23
000011 633.60 164.16 4.32 88.53
000011 738.72 128.16 10.08 37.94
000011 793.15 98.50 16.99 22.51
000011 425.09 62.21 348.09 1.10
000011 865.94 209.02 24.88 15.37
000011 770.38 92.57 8.96 42.69
000011 630.04 152.29 5.97 64.04
000011 496.00 193.00 11.00 34.77
000011 836.00 192.00 22.40 17.07
000011 679.00 88.00 7.00 54.63
000011 216.00 152.06 19.01 20.12
000011 679.10 88.13 6.62 57.74
000011 740.28 134.78 10.37 36.89
000011 429.24 145.15 13.69 27.94
000011 719.54 248.83 31.10 12.30
000011 726.59 97.04 9.95 38.42
000011 450.39 196.58 14.93 25.62
000011 864.00 209.00 24.00 15.94
000011 433.20 146.40 14.16 27.01
000011 659.52 149.76 4.32 88.53
000011 737.86 129.60 10.37 36.89
000011 721.61 143.08 8.29 46.11
000011 215.65 151.37 18.66 20.49
000011 444.91 143.33 14.93 25.62
000011 196.58 283.67 42.30 9.04
000011 591.00 196.00 16.00 23.90
000011 324.00 146.00 19.00 20.13
000011 421.00 170.00 10.60 36.08
000011 636.00 133.20 2.40 159.35
000011 432.00 136.80 12.96 29.51
000011 308.16 144.00 18.72 20.43
000011 731.52 131.04 9.12 41.93
000011 680.83 84.67 6.91 55.33
000011 763.78 57.02 8.98 42.61
000011 725.76 99.53 8.29 46.11
000011 725.59 146.31 8.96 42.69
000011 852.80 225.74 21.50 17.79
000011 320.40 147.60 18.40 20.78
000011 118.80 151.20 -570.67 -0.67
000011 633.60 146.88 4.32 88.53
000011 165.89 172.11 -236.39 -1.62
000011 437.94 144.32 14.93 25.62
000011 119.44 220.96 -569.36 -0.67
000011 635.90 153.79 3.74 102.15
000011 720.58 143.42 8.64 44.26
000011 178.33 182.48 8.29 46.11
000011 696.73 129.39 12.44 30.74
000011 754.00 170.00 14.00 27.32
000011 749.00 37.00 9.00 42.49
000011 333.60 148.80 18.60 20.56
000011 633.60 157.20 4.60 83.14
000011 786.00 194.40 19.20 19.92
000011 728.40 100.80 10.80 35.41
000011 636.48 132.48 4.03 94.85
000011 259.20 279.94 37.32 10.25
000011 699.22 144.32 8.71 43.91
000011 445.41 144.32 14.93 25.62
000011 713.00 144.00 9.00 42.49
000011 666.00 216.00 32.00 11.95
000011 158.98 183.17 8.64 44.26
000011 752.47 140.34 10.95 34.93
000011 741.72 132.58 13.14 29.11
000011 636.00 153.00 4.00 95.61
000011 119.00 151.00 -176.20 -2.17
000011 721.20 141.60 9.60 39.84
000011 165.89 172.80 -236.74 -1.62
000011 632.03 151.79 287.63 1.33
000011 711.66 146.81 303.66 1.26
000011 216.00 199.00 18.00 21.25
000011 591.60 181.20 56.40 6.78
000011 181.20 182.40 7.20 53.12
000011 821.15 199.07 22.81 16.77
000011 303.58 149.30 19.91 19.21
000011 791.29 92.57 11.94 32.02
000011 462.23 204.24 17.92 21.35
000011 422.82 125.41 22.69 16.85
000011 656.00 142.00 5.00 76.49
000011 310.00 145.00 20.00 19.12
000011 149.76 226.08 28.56 13.39
000011 707.10 188.70 298.10 1.28
000011 319.50 149.30 17.92 21.35
000011 450.88 197.07 14.93 25.62
000011 316.00 145.00 19.00 20.13
000011 200.00 153.00 44.48 8.60
000011 606.00 194.40 16.80 22.76
000011 701.57 139.97 8.64 44.26
000011 159.67 182.48 8.29 46.11
000011 809.20 197.07 17.92 21.35
000011 722.00 54.00 9.00 42.49
000011 58.75 293.76 -41.25 -9.27
000011 648.00 153.79 3.46 110.66
000011 649.45 154.28 4.98 76.85
000011 425.50 126.90 217.50 1.76
000011 743.51 134.37 11.94 32.02
000011 723.80 132.58 13.14 29.11
000011 756.00 177.60 18.72 20.43
000011 727.39 146.91 10.75 35.58
000011 751.00 96.00 -247.40 -1.55
000011 763.20 168.48 591.20 0.65
000011 682.56 84.96 7.20 53.12
000011 667.01 188.35 262.66 1.46
000011 641.39 150.49 521.12 0.73
000011 663.60 189.60 263.28 1.45
000011 100.80 189.60 -307.28 -1.24
000011 590.40 195.60 15.60 24.52
000011 198.72 149.76 -466.56 -0.82
000011 588.90 192.84 15.21 25.15
000011 748.89 139.74 10.75 35.58
000011 139.00 139.00 -438.00 -0.87
000011 418.00 164.00 10.48 36.49
000011 294.00 182.40 13.00 29.42
000011 766.80 156.00 10.80 35.41
000011 74.40 198.00 -596.06 -0.64
000011 766.80 158.40 12.00 31.87
000011 794.40 216.00 16.80 22.76
000011 423.36 105.12 -341.05 -1.12
000011 770.40 164.16 14.40 26.56
000011 753.41 139.97 8.93 42.84
000011 98.50 186.62 -543.49 -0.70
000011 117.50 228.10 25.92 14.75
000011 779.67 178.33 18.66 20.49
000011 696.73 130.64 7.26 52.70
000011 161.74 189.11 -373.94 -1.02
000011 654.43 191.60 11.61 32.93
000011 497.00 185.00 370.28 1.03
000011 433.00 147.00 14.20 26.93
000011 225.60 136.80 -4.40 -86.92
000011 74.88 198.72 -325.92 -1.17
000011 721.44 142.56 10.08 37.94
000011 766.08 156.96 11.52 33.20
000011 665.28 216.00 32.83 11.65
000011 752.72 182.48 14.52 26.35
000011 663.55 203.21 -2.07 -184.44
000011 690.51 99.53 9.68 39.52
000011 719.62 167.22 22.62 16.91
000011 584.06 193.49 17.92 21.35
000011 698.72 146.91 10.75 35.58
000011 405.00 36.00 26.00 14.71
000011 668.40 189.60 267.60 1.43
000011 427.20 42.00 -269.18 -1.42
000011 649.73 148.61 6.73 56.84
000011 497.66 186.62 10.37 36.89
000011 773.97 154.08 15.53 24.63
000011 498.00 186.00 10.80 35.41
000011 428.40 75.60 -117.60 -3.25
000011 650.88 148.32 4.08 93.74
000011 604.80 194.40 15.84 24.14
000011 174.53 186.62 5.32 71.86
000011 713.66 136.51 10.37 36.89
000011 742.35 174.18 382.92 1.00
000011 455.06 197.07 17.92 21.35
000011 634.22 161.24 453.22 0.84
000011 171.99 179.16 17.92 21.35
000011 644.00 171.00 13.28 28.80
000011 168.00 201.00 100.32 3.81
000011 65.66 236.74 -86.74 -4.41
000011 155.52 184.55 29.52 12.96
000011 116.12 228.10 24.88 15.37
000011 661.89 204.04 31.52 12.13
000011 760.00 171.00 12.40 30.84
000011 226.00 137.00 -549.00 -0.70
000011 114.00 218.00 25.00 15.30
000011 118.08 228.96 25.92 14.75
000011 413.28 122.40 316.24 1.21
000011 112.32 217.73 25.92 14.75
000011 696.73 143.08 10.37 36.89
000011 784.72 193.49 25.08 15.25
000011 763.20 169.20 361.88 1.06
000011 172.80 187.20 5.18 73.77
000011 589.73 191.60 17.42 21.96
000011 696.73 99.53 14.52 26.35
000011 641.99 197.07 241.78 1.58
000011 752.47 150.49 10.95 34.93
000011 603.00 193.00 17.00 22.50
000011 718.00 205.00 32.00 11.95
000011 116.40 241.20 -20.96 -18.25
000011 293.76 181.44 13.82 27.67
000011 74.30 195.26 -595.47 -0.64
000011 408.50 116.12 329.70 1.16
000011 462.83 196.58 17.42 21.96
000011 201.00 204.00 111.00 3.45
000011 152.40 229.20 -30.08 -12.72
000011 650.40 144.00 6.00 63.74
000011 344.40 223.20 30.00 12.75
000011 698.40 106.80 316.80 1.21
000011 495.36 192.96 11.76 32.52
000011 701.28 139.68 8.64 44.26
000011 111.97 217.73 -422.27 -0.91
000011 139.35 139.35 -398.13 -0.96
000011 664.38 216.48 31.93 11.98
000011 716.64 247.84 230.64 1.66
000011 67.00 237.00 -478.76 -0.80
000011 753.60 183.60 342.00 1.12
000011 564.00 206.40 133.73 2.86
000011 651.46 193.54 -18.54 -20.62
000011 770.69 171.07 -343.08 -1.11
000011 721.61 166.72 -164.23 -2.33
000011 701.71 185.13 41.71 9.17
000011 440.40 150.00 256.08 1.49
000011 69.60 229.20 -274.56 -1.39
000011 226.08 136.80 -549.12 -0.70
000011 120.27 236.39 22.81 16.77
000011 751.47 149.30 13.27 28.82
000011 151.79 223.95 65.39 5.85
000011 662.89 203.05 30.86 12.39
000011 759.63 161.24 -13.17 -29.05
000011 633.00 148.00 2.00 191.22
000011 693.00 234.00 -20.00 -19.12
000011 698.00 107.00 316.00 1.21
000011 712.80 145.20 9.60 39.84
000011 772.80 163.20 91.20 4.19
000011 723.60 175.20 -37.83 -10.11
000011 716.40 127.20 -43.23 -8.85
000011 111.60 242.40 -22.77 -16.80
000011 806.40 200.16 33.40 11.45
000011 593.28 175.68 502.04 0.76
000011 725.76 91.58 24.96 15.32
000011 243.65 207.36 152.06 2.52
000011 649.44 144.00 5.76 66.40
000011 427.16 128.56 15.10 25.33
000011 176.17 182.15 8.96 42.69
000011 657.60 193.20 -69.60 -5.49
000011 742.80 183.60 319.20 1.20
000011 655.20 142.56 3.60 106.24
000011 758.44 179.16 46.50 8.22
000011 299.00 234.00 164.63 2.32
000011 553.00 178.00 383.79 1.00
000011 693.60 234.00 -61.40 -6.23
000011 117.00 240.00 -612.08 -0.62
000011 747.00 171.00 328.00 1.17
000011 344.00 224.00 112.40 3.40
000011 52.00 278.00 -201.81 -1.90
000011 298.80 234.00 174.38 2.19
000011 218.88 221.76 8.06 47.43
000011 1116.00 288.00 130.00 2.94
000011 223.20 272.16 95.20 4.02
000011 160.70 216.00 -955.58 -0.40
000011 696.38 143.42 10.37 36.89
000011 743.51 176.17 366.51 1.04
000011 723.00 176.00 58.62 6.52
000011 216.00 198.72 19.01 20.12
000011 223.20 254.40 82.80 4.62
000011 696.96 144.00 10.08 37.94
000011 54.72 275.04 -652.38 -0.59
000011 171.99 229.32 -509.81 -0.75
000011 774.14 203.90 18.14 21.08
000011 651.11 136.86 -114.39 -3.34
000011 273.72 201.55 -108.28 -3.53
000011 498.66 185.13 355.33 1.08
000011 210.00 244.00 -420.64 -0.91
000011 808.80 56.40 165.12 2.32
000011 696.96 132.48 7.20 53.12
000011 556.00 212.00 433.57 0.88
000011 696.00 145.00 10.00 38.24
000011 725.76 100.22 -25.44 -15.03
000011 308.55 141.83 19.91 19.21
000011 54.00 273.60 -332.98 -1.15
000011 300.00 266.40 -27.00 -14.16
000012 632.00 53.00 4.00 96.09
000012 673.20 50.40 1.20 320.31
000012 1001.55 85.02 20.74 18.54
000012 1108.80 128.16 28.80 13.35
000012 1111.45 120.27 29.03 13.24
000012 630.00 56.00 4.00 96.09
000012 1000.80 86.40 21.60 17.79
000012 1159.56 134.37 32.35 11.88
000012 558.00 43.20 6.00 64.06
000012 655.20 43.20 1.20 320.31
000012 787.68 96.48 4.32 88.97
000012 995.33 62.21 20.74 18.54
000012 557.00 37.00 6.00 64.06
000012 1197.60 135.60 34.60 11.11
000012 996.00 61.20 20.40 18.84
000012 724.03 72.58 1.73 222.44
000012 1067.90 219.80 29.03 13.24
000012 865.00 58.00 11.00 34.94
000012 554.00 35.00 6.00 64.06
000012 985.00 140.00 20.00 19.22
000012 653.00 49.00 1.00 384.37
000012 556.80 38.40 6.00 64.06
000012 632.40 52.80 4.80 80.08
000012 717.47 74.65 0.00 inf
000012 1103.16 124.42 29.03 13.24
000012 746.50 103.68 2.07 185.36
000012 1103.62 114.66 28.67 13.41
000012 842.00 72.00 9.00 42.71
000012 791.00 101.00 4.00 96.09
000012 723.60 72.00 1.20 320.31
000012 846.00 80.40 9.60 40.04
000012 864.00 57.60 11.52 33.37
000012 1000.51 84.67 20.74 18.54
000012 981.50 114.05 20.74 18.54
000012 751.68 107.14 1.73 222.44
000012 750.64 107.83 2.07 185.36
000012 543.00 31.00 5.00 76.87
000012 795.00 91.00 5.00 76.87
000012 696.00 72.00 2.40 160.16
000012 627.84 57.60 4.03 95.33
000012 1115.00 121.00 29.00 13.25
000012 1161.60 134.40 32.64 11.78
000012 1068.48 220.32 28.80 13.35
000012 864.00 58.75 12.10 31.78
000012 988.96 182.74 21.50 17.88
000012 1078.54 236.49 28.67 13.41
000012 552.00 31.00 6.00 64.06
000012 996.00 60.00 21.00 18.30
000012 547.00 32.00 5.00 76.87
000012 1099.20 112.80 27.60 13.93
000012 558.72 57.60 5.76 66.73
000012 984.96 139.68 20.16 19.07
000012 862.56 70.56 10.08 38.13
000012 564.48 59.04 5.76 66.73
000012 722.88 72.00 0.00 inf
000012 993.25 64.28 20.74 18.54
000012 996.12 182.74 21.50 17.88
000012 989.00 162.00 20.00 19.22
000012 1110.00 128.40 28.80 13.35
000012 1057.20 70.80 28.20 13.63
000012 637.92 57.60 2.02 190.66
000012 995.04 61.92 21.60 17.80
000012 750.24 106.56 1.44 266.92
000012 1100.74 114.05 27.65 13.90
000012 746.50 103.68 1.73 222.43
000012 1000.30 82.11 19.91 19.31
000012 1006.28 271.72 38.82 9.90
000012 554.00 32.00 5.00 76.87
000012 633.60 53.28 2.88 133.46
000012 675.36 64.80 1.44 266.92
000012 702.72 69.12 2.88 133.46
000012 1055.52 70.56 27.12 14.17
000012 648.00 60.48 3.46 111.22
000012 561.60 62.21 5.18 74.15
000012 682.56 69.12 1.73 222.44
000012 1069.63 224.64 27.65 13.90
000012 985.37 141.83 19.91 19.31
000012 874.89 107.50 11.94 32.18
000012 885.05 139.74 14.33 26.82
000012 1072.00 224.00 29.00 13.25
000012 1008.00 197.00 22.00 17.47
000012 884.40 145.20 13.20 29.12
000012 1121.76 234.72 33.12 11.61
000012 1159.20 132.48 30.82 12.47
000012 1060.99 222.91 27.65 13.90
000012 853.63 77.76 10.37 37.07
000012 872.99 109.90 12.44 30.89
000012 985.38 155.27 20.90 18.39
000012 972.00 241.00 39.00 9.86
000012 1110.00 128.00 29.00 13.25
000012 612.00 138.00 5.00 76.87
000012 651.00 55.00 0.60 640.65
000012 668.40 38.40 1.20 320.31
000012 745.92 103.68 2.88 133.46
000012 1124.64 223.20 34.56 11.12
000012 790.56 92.16 5.76 66.73
000012 908.93 162.43 13.82 27.80
000012 1119.74 228.10 33.18 11.59
000012 1112.28 119.44 29.86 12.87
000012 751.47 111.97 2.49 154.47
000012 1121.54 229.32 32.25 11.92
000012 949.54 154.08 17.92 21.45
000012 1125.12 243.66 32.25 11.92
000012 560.00 62.00 6.00 64.06
000012 656.00 51.00 2.00 192.19
000012 842.40 72.00 9.60 40.04
000012 650.40 55.20 0.96 400.38
000012 1070.40 220.80 28.80 13.35
000012 895.68 129.60 12.96 29.66
000012 651.46 55.30 1.73 222.44
000012 986.69 139.97 20.74 18.54
000012 1159.14 134.78 31.10 12.36
000012 1101.08 114.05 29.03 13.24
000012 1069.98 223.95 27.37 14.04
000012 980.40 114.46 19.91 19.31
000012 829.00 37.00 8.00 48.05
000012 748.00 106.00 1.60 240.24
000012 718.56 74.88 1.44 266.92
000012 675.65 63.94 1.73 222.43
000012 1128.04 238.46 33.18 11.59
000012 995.33 184.14 19.91 19.31
000012 1119.74 228.93 32.35 11.88
000012 1063.01 223.95 26.87 14.30
000012 997.32 191.10 20.90 18.39
000012 988.96 197.07 21.50 17.88
000012 981.79 118.25 20.30 18.93
000012 645.00 162.00 6.00 64.06
000012 720.00 78.00 1.00 384.37
000012 855.00 74.00 10.00 38.44
000012 794.40 90.00 3.60 106.77
000012 646.56 61.92 1.44 266.92
000012 1123.20 235.01 32.83 11.71
000012 703.30 69.12 3.46 111.22
000012 1123.89 234.32 35.25 10.90
000012 904.75 128.40 14.93 25.75
000012 994.33 185.13 20.90 18.39
000012 906.54 128.99 14.33 26.82
000012 985.38 154.08 17.92 21.45
000012 1060.00 223.00 28.00 13.73
000012 835.00 132.00 10.00 38.44
000012 896.00 165.00 13.00 29.57
000012 790.80 100.80 6.00 64.06
000012 792.00 127.20 3.00 128.12
000012 907.20 169.92 14.40 26.69
000012 980.81 114.05 20.74 18.54
000012 988.36 185.13 20.90 18.39
000012 647.00 63.00 2.00 192.19
000012 852.00 78.00 10.00 38.44
000012 798.00 40.00 5.00 76.87
000012 703.00 69.00 2.00 192.19
000012 656.00 43.00 2.00 192.19
000012 790.80 92.40 6.00 64.06
000012 1128.38 236.74 33.98 11.31
000012 1114.56 120.96 31.68 12.13
000012 942.38 171.99 17.92 21.45
000012 910.13 146.91 14.33 26.82
000012 894.00 165.00 13.00 29.57
000012 676.00 59.00 1.00 384.37
000012 637.00 53.00 5.00 76.87
000012 674.40 54.00 1.20 320.31
000012 1059.84 223.20 27.36 14.05
000012 793.44 90.72 4.32 88.98
000012 695.52 72.00 2.88 133.46
000012 696.38 70.85 1.73 222.43
000012 908.93 171.07 13.82 27.80
000012 879.21 132.71 11.75 32.71
000012 748.98 107.00 0.00 inf
000012 864.00 69.00 11.00 34.94
000012 835.20 132.00 10.80 35.59
000012 1114.56 120.96 29.76 12.92
000012 889.57 128.56 13.48 28.52
000012 958.00 261.27 37.32 10.30
000012 793.77 87.09 4.98 77.23
000012 970.45 143.33 17.92 21.45
000012 889.82 116.45 14.93 25.75
000012 967.46 164.83 28.67 13.41
000012 641.00 162.00 7.00 54.91
000012 655.20 51.60 1.20 320.31
000012 1060.80 223.20 28.80 13.35
000012 1069.92 224.64 28.80 13.35
000012 612.00 136.80 5.76 66.73
000012 1124.93 222.91 34.56 11.12
000012 1016.06 91.58 22.46 17.11
000012 862.62 72.58 12.44 30.89
000012 694.66 70.50 2.07 185.36
000012 874.89 134.37 11.45 33.58
000012 1067.79 225.74 28.67 13.41
000012 1060.00 39.00 26.00 14.78
000012 895.68 169.92 14.40 26.69
000012 1120.32 226.08 34.56 11.12
000012 990.14 136.51 19.01 20.22
000012 931.39 160.70 16.99 22.62
000012 964.22 252.98 37.32 10.30
000012 895.80 172.11 14.52 26.48
000012 1069.98 223.95 29.03 13.24
000012 1062.51 223.95 27.37 14.04
000012 973.43 155.27 17.92 21.45
000012 949.54 171.99 17.92 21.45
000012 833.00 135.00 11.00 34.94
000012 967.20 236.40 39.20 9.81
000012 1123.20 235.20 33.60 11.44
000012 888.33 129.39 10.45 36.78
000012 1122.73 229.92 35.83 10.73
000012 976.80 145.20 18.80 20.45
000012 829.20 92.40 8.40 45.76
000012 1118.88 230.40 34.56 11.12
000012 677.38 69.12 1.73 222.44
000012 902.02 126.14 13.82 27.80
000012 1123.89 221.88 35.25 10.90
000012 974.59 145.15 18.66 20.60
000012 1055.46 70.50 29.03 13.24
000012 852.25 78.80 8.29 46.34
000012 792.12 124.42 2.07 185.36
000012 985.37 154.28 19.91 19.31
000012 987.86 134.37 19.91 19.31
000012 791.29 95.55 5.97 64.36
000012 855.60 243.60 26.40 14.56
000012 860.40 73.20 10.80 35.59
000012 853.92 76.32 10.08 38.13
000012 1019.52 93.60 25.92 14.83
000012 678.07 68.43 2.07 185.36
000012 988.96 132.58 21.50 17.88
000012 863.55 118.25 10.75 35.76
000012 756.05 128.99 0.00 inf
000012 638.00 57.00 4.40 87.36
000012 640.80 162.00 7.20 53.38
000012 991.20 136.80 20.40 18.84
000012 612.00 136.80 4.80 80.08
000012 1070.40 225.60 28.80 13.35
000012 793.20 139.20 3.20 120.12
000012 1061.68 223.95 26.96 14.26
000012 729.08 89.58 4.98 77.24
000012 791.29 94.56 4.98 77.24
000012 988.36 134.37 20.90 18.39
000012 681.60 68.40 2.40 160.15
000012 894.24 162.72 13.44 28.60
000012 787.68 129.60 1.68 228.79
000012 895.10 171.07 12.10 31.78
000012 990.14 193.54 20.74 18.54
000012 872.99 122.34 12.44 30.89
000012 1173.66 199.07 35.25 10.90
000012 989.11 163.81 20.74 18.54
000012 973.43 170.20 26.87 14.30
000012 847.00 83.00 10.00 38.44
000012 793.44 103.68 4.32 88.98
000012 963.36 243.36 36.96 10.40
000012 965.95 243.65 38.59 9.96
000012 902.02 126.49 14.52 26.48
000012 946.56 155.27 17.92 21.45
000012 978.21 193.49 21.50 17.88
000012 931.00 168.00 16.00 24.02
000012 992.00 137.00 21.00 18.30
000012 963.00 254.00 38.00 10.12
000012 966.00 256.00 39.00 9.86
000012 933.60 168.00 28.60 13.44
000012 638.40 56.40 4.80 80.08
000012 944.64 159.84 17.28 22.24
000012 835.20 131.04 11.52 33.37
000012 874.37 122.69 13.82 27.80
000012 1167.44 190.77 37.74 10.18
000012 799.05 125.41 3.58 107.27
000012 1018.00 91.00 27.00 14.24
000012 652.80 46.80 0.00 inf
000012 787.20 129.60 1.20 320.31
000012 793.15 105.41 3.46 111.22
000012 788.30 125.41 0.00 inf
000012 930.00 163.00 16.00 24.02
000012 964.80 243.60 38.80 9.91
000012 990.72 135.36 21.60 17.80
000012 934.56 161.28 17.28 22.24
000012 989.28 194.40 21.60 17.80
000012 970.44 244.68 39.05 9.84
000012 794.19 87.09 4.49 85.55
000012 903.26 126.90 14.93 25.75
000012 895.80 159.25 12.44 30.89
000012 964.47 250.82 38.82 9.90
000012 800.24 128.40 3.98 96.54
000012 1059.00 36.00 26.00 14.78
000012 854.40 78.00 9.60 40.04
000012 891.60 120.00 14.60 26.33
000012 946.56 214.99 35.83 10.73
000012 894.00 170.00 13.00 29.57
000012 675.00 55.00 2.00 192.19
000012 792.00 203.00 22.00 17.47
000012 1021.00 94.00 27.00 14.24
000012 1166.40 198.00 37.20 10.33
000012 775.20 166.80 18.20 21.12
000012 891.65 119.23 16.13 23.83
000012 891.65 114.05 15.55 24.72
000012 1167.44 196.99 37.74 10.18
000012 806.00 189.00 23.00 16.71
000012 1071.00 227.00 29.00 13.25
000012 891.65 127.87 16.13 23.83
000012 971.14 245.38 39.46 9.74
000012 895.10 162.43 13.82 27.80
000012 727.49 81.22 1.73 222.44
000012 1187.14 210.82 36.29 10.59
000012 920.68 172.11 16.59 23.17
000012 749.48 113.47 0.00 inf
000012 919.68 173.19 16.42 23.40
000012 1172.00 191.00 37.00 10.39
000012 944.40 160.80 16.80 22.88
000012 830.88 135.36 11.52 33.37
000012 933.12 149.76 15.84 24.27
000012 798.75 94.56 4.98 77.24
000012 990.35 164.23 22.39 17.16
000012 753.96 131.88 0.00 inf
000012 895.80 176.17 11.94 32.18
000012 940.59 173.19 23.89 16.09
000012 971.04 143.33 17.92 21.45
000012 971.04 247.24 43.00 8.94
000012 756.05 139.74 3.58 107.27
000012 843.00 247.00 26.00 14.78
000012 790.80 139.20 4.80 80.08
000012 837.60 210.00 21.60 17.80
000012 838.80 76.80 10.80 35.59
000012 933.60 148.80 28.60 13.44
000012 1105.92 125.28 28.32 13.57
000012 972.93 144.32 19.91 19.31
000012 972.93 169.21 27.37 14.04
000012 958.50 262.77 35.83 10.73
000012 854.40 75.60 9.60 40.04
000012 1166.40 197.28 37.44 10.27
000012 967.68 236.74 38.02 10.11
000012 982.89 192.84 22.39 17.16
000012 1173.66 207.36 33.18 11.59
000012 987.86 196.58 19.91 19.31
000012 836.08 212.00 20.90 18.39
000012 677.00 72.00 -226.26 -1.70
000012 969.00 242.00 -106.68 -3.60
000012 745.00 105.00 2.00 192.19
000012 985.20 189.60 19.20 20.02
000012 806.22 141.83 9.95 38.62
000012 716.00 188.00 11.00 34.94
000012 1202.40 205.20 417.40 0.92
000012 802.80 177.60 21.60 17.79
000012 653.76 51.84 0.00 inf
000012 1175.04 195.84 36.29 10.59
000012 786.24 138.24 3.46 111.22
000012 945.22 158.98 17.28 22.24
000012 933.12 151.37 16.59 23.17
000012 874.89 119.44 5.97 64.36
000012 1172.00 195.00 37.00 10.39
000012 894.00 181.20 12.00 32.03
000012 652.32 47.52 0.00 inf
000012 951.84 187.20 17.04 22.56
000012 846.72 241.92 25.92 14.83
000012 895.10 181.44 11.75 32.71
000012 918.19 159.25 14.93 25.75
000012 763.22 161.24 10.75 35.76
000012 770.38 157.66 17.92 21.45
000012 892.00 115.00 16.00 24.02
000012 838.08 210.24 21.60 17.80
000012 1185.12 211.68 36.00 10.68
000012 1175.04 205.63 281.32 1.37
000012 873.40 109.49 12.44 30.89
000012 766.80 150.49 11.35 33.88
000012 943.20 211.20 -25.20 -15.25
000012 1176.00 195.60 38.40 10.01
000012 919.30 160.70 14.98 25.67
000012 767.23 151.37 12.44 30.89
000012 788.80 124.42 0.00 inf
000012 791.29 136.86 3.32 115.85
000012 987.00 190.00 21.00 18.30
000012 988.80 162.00 20.40 18.84
000012 784.80 145.20 4.80 80.08
000012 973.43 191.10 31.05 12.38
000012 942.38 189.91 25.08 15.32
000012 864.00 195.60 12.00 32.03
000012 676.80 70.80 1.20 320.31
000012 784.80 144.00 4.32 88.97
000012 918.72 162.72 13.92 27.61
000012 792.12 136.86 4.15 92.68
000012 895.80 179.16 10.75 35.76
000012 975.00 241.00 100.20 3.84
000012 702.00 219.00 16.00 24.02
000012 920.00 202.00 25.00 15.37
000012 1167.84 187.20 36.00 10.68
000012 986.69 158.98 20.74 18.54
000012 1181.95 216.00 36.29 10.59
000012 900.77 141.83 -292.03 -1.32
000012 809.80 132.58 7.17 53.64
000012 754.00 135.00 1.60 240.24
000012 888.00 128.40 15.60 24.64
000012 1171.20 190.80 37.20 10.33
000012 892.80 114.00 15.60 24.64
000012 727.20 82.08 1.44 266.92
000012 791.42 138.24 5.18 74.15
000012 835.00 88.00 9.00 42.71
000012 846.00 164.40 9.60 40.04
000012 975.60 166.80 139.25 2.76
000012 933.12 159.67 16.59 23.17
000012 989.11 201.14 28.62 13.43
000012 940.59 176.67 15.76 24.39
000012 917.29 157.66 3.58 107.27
000012 852.80 179.16 -2.56 -149.98
000012 986.00 195.00 21.00 18.30
000012 1185.60 211.20 34.80 11.05
000012 985.20 140.40 -4.08 -94.21
000012 907.20 162.72 14.40 26.69
000012 761.43 161.74 14.93 25.75
000012 788.30 125.41 0.00 inf
000012 687.97 225.74 -300.45 -1.28
000012 867.60 169.20 11.60 33.14
000012 864.00 169.92 10.80 35.59
000012 865.44 164.16 11.04 34.82
000012 773.87 164.23 19.91 19.31
000012 766.00 163.00 -383.60 -1.00
000012 825.00 95.00 8.00 48.05
000012 986.40 194.40 21.60 17.80
000012 558.00 52.80 4.00 96.09
000012 805.20 165.60 -12.80 -30.03
000012 894.24 181.44 11.52 33.37
000012 766.08 156.96 18.48 20.80
000012 921.02 171.07 4.49 85.55
000012 791.29 137.36 14.93 25.75
000012 922.67 206.03 26.87 14.30
000012 924.46 204.24 25.08 15.32
000012 803.00 212.00 23.00 16.71
000012 948.00 217.00 37.00 10.39
000012 982.08 197.28 21.60 17.80
000012 864.00 169.34 -29.31 -13.12
000012 955.58 196.99 3.58 107.24
000012 864.00 193.54 -44.40 -8.66
000012 763.08 155.52 16.59 23.17
000012 944.00 250.00 34.00 11.31
000012 837.00 212.00 -334.58 -1.15
000012 1130.40 236.40 -10.25 -37.51
000012 716.40 188.40 -166.80 -2.30
000012 869.76 187.20 15.84 24.27
000012 1169.28 194.40 30.48 12.61
000012 774.14 164.16 -39.46 -9.74
000012 791.29 104.51 -2.99 -128.72
000012 955.20 193.20 -218.46 -1.76
000012 944.64 250.56 35.04 10.97
000012 983.23 196.99 23.16 16.60
000012 791.88 146.91 17.92 21.45
000012 944.64 207.36 23.64 16.26
000012 845.28 82.08 10.08 38.13
000012 773.45 165.89 18.32 20.98
000012 888.00 128.00 16.00 24.02
000012 805.00 222.00 -96.20 -4.00
000012 1177.92 208.80 334.92 1.15
000012 841.00 234.00 22.00 17.47
000012 918.72 169.92 14.40 26.69
000012 809.80 146.91 9.56 40.23
000012 866.40 163.20 12.40 31.00
000012 870.00 187.20 16.00 24.02
000012 784.51 143.42 -116.49 -3.30
000012 937.27 217.73 183.27 2.10
000012 852.25 238.46 -115.75 -3.32
000012 970.80 174.00 181.68 2.12
000012 871.20 171.60 39.90 9.63
000012 765.50 157.25 17.28 22.24
000012 922.75 203.21 27.65 13.90
000012 949.71 188.70 40.78 9.43
000012 843.54 176.67 -67.12 -5.73
000012 777.55 143.33 -146.93 -2.62
000012 918.00 151.20 -9.94 -38.68
000012 919.68 152.29 -41.32 -9.30
000012 971.00 169.00 150.00 2.56
000012 972.00 188.40 158.62 2.42
000012 1041.00 58.00 292.20 1.32
000012 950.40 188.35 41.76 9.20
000012 941.00 179.00 -5.94 -64.66
000012 844.00 235.00 -87.05 -4.42
000012 964.80 192.96 44.40 8.66
000012 811.00 35.00 -117.04 -3.28
000012 637.00 163.00 -259.83 -1.48
000012 935.00 168.00 119.38 3.22
000012 968.37 192.84 47.35 8.12
000012 931.63 149.30 -14.37 -26.74
000012 870.00 186.00 13.00 29.57
000012 924.48 168.48 19.01 20.22
000012 953.03 186.62 21.98 17.49
000012 952.53 188.12 23.89 16.09
000012 834.00 90.00 -92.21 -4.17
000012 855.00 78.00 10.00 38.44
000012 939.34 190.77 -8.29 -46.34
000012 958.50 191.10 17.92 21.45
000012 847.00 180.00 -73.16 -5.25
000012 920.68 159.67 16.59 23.17
000012 853.99 191.10 7.96 48.27
000012 860.00 73.00 44.96 8.55
000012 979.00 189.00 151.28 2.54
000013 722.00 36.00 8.00 47.35
000013 655.20 69.60 7.20 52.61
000013 662.00 71.00 8.00 47.35
000013 706.80 39.60 8.40 45.09
000013 735.84 182.88 44.64 8.49
000013 661.82 67.39 6.91 54.80
000013 665.00 56.00 8.00 47.35
000013 489.60 182.88 11.52 32.88
000013 665.28 69.12 6.91 54.80
000013 851.01 273.72 39.81 9.51
000013 660.96 70.56 7.20 52.61
000013 718.80 42.00 8.40 45.09
000013 625.54 81.22 8.64 43.84
000013 850.18 271.64 39.40 9.61
000013 816.17 263.76 37.32 10.15
000013 497.66 179.16 12.44 30.45
000013 731.57 273.72 44.79 8.46
000013 698.72 212.00 44.79 8.46
000013 671.00 50.00 8.00 47.35
000013 496.80 181.20 12.00 31.57
000013 489.02 179.71 12.10 31.32
000013 839.06 262.77 38.82 9.76
000013 772.00 38.00 9.00 42.09
000013 716.00 33.00 8.00 47.35
000013 661.20 70.80 7.20 52.61
000013 812.40 255.60 38.40 9.86
000013 655.26 68.43 8.29 45.67
000013 805.00 253.00 38.00 9.97
000013 682.00 34.00 8.00 47.35
000013 692.40 43.20 7.20 52.61
000013 655.20 69.12 7.20 52.61
000013 711.24 286.16 43.55 8.70
000013 831.30 243.66 39.42 9.61
000013 707.00 52.00 8.00 47.35
000013 723.00 39.00 9.00 42.09
000013 741.60 284.40 43.20 8.77
000013 626.40 82.08 8.64 43.84
000013 665.63 70.50 8.29 45.67
000013 811.19 258.79 37.32 10.15
000013 492.00 178.00 13.00 29.14
000013 716.00 44.00 8.00 47.35
000013 668.00 78.00 8.00 47.35
000013 681.60 49.20 8.40 45.09
000013 664.80 56.40 7.20 52.61
000013 822.24 262.08 38.88 9.74
000013 686.78 200.06 41.80 9.06
000013 737.54 179.16 44.79 8.46
000013 840.00 179.00 39.00 9.71
000013 674.40 79.20 7.20 52.61
000013 663.60 58.80 7.20 52.61
000013 662.40 62.40 8.40 45.09
000013 804.96 252.00 37.44 10.12
000013 677.38 293.76 44.93 8.43
000013 853.63 262.66 39.74 9.53
000013 737.86 217.73 44.93 8.43
000013 726.59 281.18 44.79 8.46
000013 824.13 250.82 38.82 9.76
000013 853.99 259.78 38.82 9.76
000013 683.79 179.16 44.79 8.46
000013 709.00 50.00 8.00 47.35
000013 719.00 42.00 8.00 47.35
000013 820.80 262.80 37.20 10.18
000013 676.80 168.00 44.40 8.53
000013 738.72 223.20 43.20 8.77
000013 714.24 286.56 43.20 8.77
000013 654.91 69.12 6.91 54.80
000013 707.00 40.00 8.00 47.35
000013 693.00 44.00 8.00 47.35
000013 626.00 83.00 9.00 42.09
000013 670.80 50.40 8.40 45.09
000013 498.24 178.56 11.52 32.88
000013 707.04 60.48 8.64 43.84
000013 675.36 79.20 7.20 52.61
000013 672.48 250.56 44.64 8.49
000013 738.72 178.56 43.20 8.77
000013 821.15 259.20 37.32 10.15
000013 848.52 268.74 39.81 9.51
000013 741.52 273.72 44.79 8.46
000013 731.57 197.07 44.79 8.46
000013 725.59 274.71 44.79 8.46
000013 674.00 255.00 45.00 8.42
000013 650.00 166.00 44.00 8.61
000013 674.40 73.20 7.20 52.61
000013 735.84 178.56 43.20 8.77
000013 820.80 266.40 37.44 10.12
000013 673.92 200.45 44.93 8.43
000013 626.23 80.87 8.29 45.67
000013 686.78 201.55 42.30 8.95
000013 701.71 214.00 44.79 8.46
000013 627.06 79.63 7.46 50.74
000013 736.00 177.00 45.00 8.42
000013 714.00 33.00 8.00 47.35
000013 675.00 74.00 8.00 47.35
000013 709.00 34.00 8.00 47.35
000013 702.00 48.00 7.20 52.61
000013 735.60 190.80 44.40 8.53
000013 666.00 69.60 7.20 52.61
000013 843.84 267.84 40.32 9.39
000013 508.03 177.98 12.10 31.32
000013 736.13 177.98 43.20 8.77
000013 852.25 261.27 39.40 9.61
000013 725.76 279.94 43.55 8.70
000013 806.22 250.82 38.82 9.76
000013 806.22 247.24 35.83 10.57
000013 856.38 250.82 39.42 9.61
000013 687.00 50.00 8.00 47.35
000013 674.00 79.00 8.00 47.35
000013 704.40 60.00 7.20 52.61
000013 810.43 226.37 38.02 9.96
000013 738.20 215.65 43.55 8.70
000013 678.07 292.38 45.62 8.30
000013 831.10 228.93 37.32 10.15
000013 644.97 206.03 44.79 8.46
000013 809.80 225.74 39.41 9.61
000013 840.00 176.00 39.00 9.71
000013 650.40 165.60 44.40 8.53
000013 739.20 222.00 43.20 8.77
000013 855.36 263.52 40.32 9.39
000013 848.52 231.41 39.81 9.51
000013 627.06 104.51 9.95 38.06
000013 740.52 268.74 41.80 9.06
000013 737.54 191.10 44.79 8.46
000013 680.80 212.00 44.79 8.46
000013 670.05 204.24 43.00 8.81
000013 778.00 42.00 9.00 42.09
000013 831.60 225.60 38.40 9.86
000013 670.80 158.40 43.20 8.77
000013 721.20 70.80 8.40 45.09
000013 811.20 223.20 37.20 10.18
000013 712.80 283.20 42.80 8.85
000013 673.92 201.60 44.64 8.49
000013 648.00 280.80 41.76 9.07
000013 812.16 257.47 38.02 9.96
000013 705.02 58.75 6.91 54.80
000013 711.94 286.85 43.20 8.77
000013 725.76 281.66 43.20 8.77
000013 848.10 230.17 39.40 9.61
000013 736.54 189.11 43.96 8.62
000013 671.85 169.21 44.79 8.46
000013 666.87 79.63 7.46 50.74
000013 383.20 251.32 42.30 8.95
000013 738.14 189.91 43.00 8.81
000013 469.40 247.24 35.83 10.57
000013 752.47 193.49 46.58 8.13
000013 665.00 69.00 7.00 54.11
000013 704.00 60.00 7.00 54.11
000013 843.60 268.80 38.60 9.81
000013 722.40 68.40 8.40 45.09
000013 698.40 47.52 7.20 52.61
000013 829.44 230.40 37.44 10.12
000013 806.98 252.29 39.74 9.53
000013 487.30 180.40 12.44 30.45
000013 644.89 203.21 41.53 9.12
000013 497.66 180.40 10.37 36.53
000013 644.48 204.04 42.30 8.95
000013 808.70 226.44 37.32 10.15
000013 659.40 291.13 44.79 8.46
000013 674.33 209.02 44.79 8.46
000013 709.17 286.16 42.30 8.95
000013 848.02 265.75 38.82 9.76
000013 745.30 214.99 46.58 8.13
000013 684.39 179.16 46.58 8.13
000013 662.00 63.00 7.00 54.11
000013 656.00 70.00 8.00 47.35
000013 688.00 34.00 8.00 47.35
000013 672.00 250.80 44.40 8.53
000013 735.60 177.60 43.20 8.77
000013 701.28 47.52 7.20 52.61
000013 669.60 50.40 7.20 52.61
000013 835.20 231.84 38.88 9.74
000013 721.44 72.00 8.64 43.84
000013 741.31 212.54 42.51 8.91
000013 671.85 167.96 43.55 8.70
000013 682.21 209.43 45.62 8.30
000013 459.84 226.93 35.83 10.57
000013 830.10 229.92 38.82 9.76
000013 831.30 229.32 39.42 9.61
000013 691.55 200.66 46.58 8.13
000013 674.00 51.00 8.00 47.35
000013 697.00 64.00 8.00 47.35
000013 836.40 238.80 38.40 9.86
000013 673.20 254.40 44.40 8.53
000013 858.82 266.11 39.74 9.53
000013 680.14 165.89 43.55 8.70
000013 372.65 250.82 43.00 8.81
000013 779.00 32.00 10.00 37.88
000013 736.00 191.00 45.00 8.42
000013 813.60 262.80 37.20 10.18
000013 501.12 181.44 11.52 32.88
000013 810.72 224.64 37.44 10.12
000013 742.35 282.01 43.55 8.70
000013 744.01 283.67 44.79 8.46
000013 353.34 141.83 12.94 29.27
000013 659.40 82.11 7.46 50.74
000013 851.01 247.84 35.83 10.57
000013 462.23 229.32 35.83 10.57
000013 675.00 202.00 46.20 8.20
000013 242.40 165.60 12.00 31.57
000013 805.20 252.00 37.20 10.18
000013 829.20 231.60 38.40 9.86
000013 737.28 218.88 43.20 8.77
000013 684.00 76.32 7.20 52.61
000013 825.98 240.19 38.02 9.96
000013 839.81 265.42 37.32 10.15
000013 831.51 228.10 38.36 9.87
000013 806.22 251.32 37.32 10.15
000013 734.05 291.13 44.79 8.46
000013 731.57 271.72 44.79 8.46
000013 818.16 253.81 38.82 9.76
000013 373.25 253.81 41.80 9.06
000013 465.81 218.57 35.83 10.57
000013 835.20 232.80 38.40 9.86
000013 741.31 283.39 43.20 8.77
000013 649.73 279.94 41.47 9.13
000013 627.06 89.58 7.46 50.74
000013 850.00 242.00 39.00 9.71
000013 665.28 69.12 7.20 52.61
000013 646.27 205.63 43.20 8.77
000013 684.29 211.51 47.28 8.01
000013 853.49 261.27 35.33 10.72
000013 737.00 287.00 44.00 8.61
000013 781.00 38.00 10.00 37.88
000013 808.70 269.57 38.02 9.96
000013 806.63 250.91 39.40 9.61
000013 738.20 178.33 45.62 8.30
000013 851.01 229.92 41.80 9.06
000013 465.81 241.86 38.82 9.76
000013 326.00 109.00 42.00 9.02
000013 715.00 286.00 45.40 8.34
000013 698.40 48.00 7.20 52.61
000013 735.84 290.88 43.20 8.77
000013 679.10 165.89 43.20 8.77
000013 743.51 214.99 47.78 7.93
000013 382.21 250.82 41.80 9.06
000013 652.14 211.41 43.00 8.81
000013 736.80 219.60 44.40 8.53
000013 715.20 285.60 43.20 8.77
000013 848.16 228.96 38.88 9.74
000013 741.60 285.12 43.20 8.77
000013 734.40 290.30 43.20 8.77
000013 738.20 80.87 1.66 228.35
000013 373.25 276.20 42.30 8.95
000013 826.80 237.60 37.80 10.02
000013 820.80 260.93 38.02 9.96
000013 736.13 284.08 41.89 9.04
000013 471.79 247.84 38.82 9.76
000013 712.00 46.00 7.00 54.11
000013 506.88 177.12 11.52 32.88
000013 497.66 177.98 12.10 31.32
000013 679.31 164.23 44.79 8.46
000013 858.47 266.25 39.81 9.51
000013 646.96 278.69 42.30 8.95
000013 727.39 186.33 43.00 8.81
000013 455.06 204.24 35.83 10.57
000013 723.00 69.00 9.00 42.09
000013 840.00 178.80 39.60 9.57
000013 682.56 168.48 45.36 8.35
000013 848.45 229.82 39.74 9.53
000013 744.01 179.16 45.20 8.38
000013 806.22 235.89 32.35 11.71
000013 736.00 220.00 44.00 8.61
000013 368.40 267.60 43.20 8.77
000013 836.35 58.75 10.37 36.53
000013 671.85 161.74 44.58 8.50
000013 470.29 251.32 39.81 9.51
000013 465.81 217.98 35.83 10.57
000013 376.23 243.66 43.00 8.81
000013 462.23 240.07 39.42 9.61
000013 673.00 251.00 45.00 8.42
000013 325.20 109.20 42.00 9.02
000013 705.60 230.40 44.64 8.49
000013 241.92 165.60 11.52 32.88
000013 383.04 184.32 -247.96 -1.53
000013 850.18 244.68 39.40 9.61
000013 734.05 290.30 43.55 8.70
000013 823.22 250.91 39.40 9.61
000013 626.23 103.68 8.29 45.67
000013 465.32 241.37 34.84 10.87
000013 506.40 177.60 10.80 35.07
000013 849.60 243.36 39.17 9.67
000013 708.48 236.74 44.93 8.43
000013 728.58 188.12 44.79 8.46
000013 250.80 174.00 14.40 26.30
000013 451.01 217.73 38.02 9.96
000013 658.37 82.94 6.91 54.80
000013 364.61 228.10 44.93 8.43
000013 468.63 250.91 39.40 9.61
000013 646.96 277.86 41.47 9.13
000013 375.74 241.37 42.30 8.95
000013 365.78 159.25 14.93 25.37
000013 715.00 37.00 8.00 47.35
000013 370.80 232.80 43.20 8.77
000013 806.40 234.00 37.20 10.18
000013 663.84 59.04 10.08 37.58
000013 708.48 236.16 44.64 8.49
000013 317.95 103.68 41.47 9.13
000013 736.13 190.08 44.93 8.43
000013 352.51 145.15 12.11 31.28
000013 681.00 209.00 45.96 8.24
000013 837.00 239.00 174.11 2.18
000013 684.00 75.60 7.20 52.61
000013 370.08 233.28 43.20 8.77
000013 739.58 193.54 44.93 8.43
000013 819.07 264.38 38.02 9.96
000013 447.90 193.49 35.83 10.57
000013 849.60 242.40 39.60 9.57
000013 736.80 291.60 43.20 8.77
000013 782.78 53.57 8.64 43.84
000013 95.04 145.15 -251.96 -1.50
000013 657.33 82.94 6.22 60.89
000013 437.15 214.99 43.00 8.81
000013 836.00 234.00 38.00 9.97
000013 738.00 292.00 44.00 8.61
000013 674.40 160.80 43.40 8.73
000013 90.72 298.08 -544.28 -0.70
000013 397.44 269.57 43.20 8.77
000013 671.85 164.23 41.80 9.06
000013 420.00 258.00 39.00 9.71
000013 741.00 213.00 592.39 0.64
000013 736.13 190.77 44.93 8.43
000013 460.34 228.93 37.32 10.15
000013 226.93 235.89 87.19 4.34
000013 673.64 164.83 43.00 8.81
000013 378.00 243.00 44.40 8.53
000013 378.00 242.40 43.92 8.62
000013 681.12 48.96 5.76 65.76
000013 672.19 169.34 43.20 8.77
000013 734.40 183.17 498.00 0.76
000013 817.00 263.35 37.32 10.15
000013 736.00 281.00 44.00 8.61
000013 499.00 178.00 13.00 29.14
000013 684.00 77.00 7.00 54.11
000013 366.00 234.00 43.20 8.77
000013 319.68 157.25 17.28 21.92
000013 314.50 103.68 164.00 2.31
000013 462.41 223.95 37.32 10.15
000013 698.72 211.41 43.00 8.81
000013 253.00 306.00 62.92 6.02
000013 252.00 174.24 15.84 23.91
000013 836.40 60.00 10.80 35.07
000013 253.20 306.00 63.12 6.00
000013 682.56 208.80 407.56 0.93
000013 373.25 269.57 43.20 8.77
000013 461.38 224.64 34.56 10.96
000013 259.20 174.53 -892.80 -0.42
000013 376.23 241.86 41.80 9.06
000013 442.80 219.60 38.40 9.86
000013 442.08 220.32 38.88 9.74
000013 247.24 250.82 68.08 5.56
000013 426.40 204.24 32.25 11.75
000013 375.00 251.00 44.00 8.61
000013 823.20 255.60 55.20 6.86
000013 319.68 158.40 76.32 4.96
000013 466.56 240.19 36.29 10.44
000013 257.47 169.34 -6.05 -62.63
000013 439.60 217.73 38.71 9.79
000013 269.57 242.61 -69.43 -5.46
000013 368.00 231.00 44.00 8.61
000013 431.00 218.00 161.43 2.35
000013 672.48 169.92 43.20 8.77
000013 828.00 239.04 -56.16 -6.74
000013 300.67 224.64 35.71 10.61
000013 363.29 169.21 181.85 2.08
000013 311.74 214.99 39.42 9.61
000013 852.80 229.32 43.00 8.81
000013 364.80 224.40 74.80 5.06
000013 740.16 194.40 44.16 8.58
000013 450.72 218.88 35.52 10.66
000013 368.06 233.28 44.06 8.60
000013 298.60 223.95 37.32 10.15
000013 396.00 189.00 45.60 8.31
000013 322.80 66.00 78.94 4.80
000013 394.80 183.60 50.93 7.44
000013 367.03 232.24 43.55 8.70
000013 367.03 267.49 41.47 9.13
000013 247.84 226.93 72.26 5.24
000013 365.00 225.00 45.00 8.42
000013 282.00 84.00 97.68 3.88
000013 741.60 84.00 1.32 285.94
000013 367.20 266.40 43.20 8.77
000013 364.95 157.59 14.52 26.10
000013 364.29 170.20 14.93 25.37
000013 367.00 228.00 122.32 3.10
000013 316.00 111.00 42.28 8.96
000013 705.02 229.82 45.62 8.30
000013 367.00 234.00 44.00 8.61
000013 351.00 149.00 130.04 2.91
000013 258.00 180.00 53.96 7.02
000013 736.80 206.40 44.40 8.53
000013 426.00 254.40 37.00 10.24
000013 451.01 236.74 36.29 10.44
000013 435.95 214.99 41.80 9.06
000013 736.00 84.00 7.36 51.47
000013 316.80 110.40 43.20 8.77
000013 313.53 159.25 17.42 21.75
000013 259.00 180.00 -7.00 -54.11
000013 442.08 208.80 47.52 7.97
000013 360.00 223.20 174.00 2.18
000013 252.00 306.72 68.83 5.50
000013 703.00 222.00 45.00 8.42
000013 448.00 212.00 -322.69 -1.17
000013 489.60 183.60 96.00 3.95
000013 280.80 83.52 -67.20 -5.64
000013 440.64 205.63 47.04 8.05
000013 277.00 172.00 58.03 6.53
000013 807.00 234.00 36.60 10.35
000013 356.00 258.00 59.48 6.37
000013 449.00 185.00 202.00 1.88
000013 317.95 169.34 -36.05 -10.51
000013 257.47 179.71 -36.29 -10.44
000013 324.86 108.86 39.86 9.50
000013 452.04 217.73 38.98 9.72
000013 113.47 143.33 -106.53 -3.56
000013 413.00 194.00 35.00 10.82
000013 295.00 227.00 -119.72 -3.16
000013 352.80 146.88 -37.20 -10.18
000013 735.84 207.36 538.56 0.70
000013 432.00 216.00 39.74 9.53
000013 364.61 158.98 15.55 24.36
000013 437.18 214.27 216.18 1.75
000013 968.00 132.00 16.40 23.10
000013 264.00 259.20 -132.00 -2.87
000013 432.97 216.48 32.35 11.71
000013 301.00 232.00 38.00 9.97
000013 249.60 231.60 67.12 5.64
000013 335.23 260.93 -6.05 -62.63
000013 457.92 204.48 200.16 1.89
000013 364.95 228.10 45.62 8.30
000013 365.78 233.90 42.30 8.95
000013 364.29 229.92 41.80 9.06
000013 450.72 237.60 36.00 10.52
000013 626.40 105.12 442.26 0.86
000013 372.00 244.80 -52.80 -7.17
000013 451.20 234.00 37.20 10.18
000013 437.76 214.56 137.76 2.75
000013 262.08 296.64 -64.51 -5.87
000013 318.24 168.48 17.04 22.23
000013 296.11 218.97 39.32 9.63
000013 268.80 254.40 -9.20 -41.17
000013 341.28 237.60 -77.76 -4.87
000013 305.28 269.28 -112.72 -3.36
000013 301.58 238.88 40.01 9.47
000013 321.00 158.00 17.00 22.28
000013 818.00 60.00 165.00 2.30
000013 249.00 238.00 -90.00 -4.21
000013 361.00 191.00 31.30 12.10
000013 328.80 241.20 -80.20 -4.72
000013 266.40 262.08 -126.60 -2.99
000013 357.00 241.00 204.36 1.85
000013 364.32 172.80 134.32 2.82
000013 313.53 218.97 44.79 8.46
000013 403.00 183.00 108.55 3.49
000013 304.80 237.60 50.99 7.43
000013 302.00 181.00 44.01 8.61
000013 377.00 188.00 124.02 3.05
000013 284.40 268.80 63.22 5.99
000013 248.83 229.82 66.69 5.68
000013 283.68 269.28 -46.37 -8.17
000013 322.49 229.32 75.25 5.03
000014 391.20 219.60 19.20 19.73
000014 343.87 165.89 20.74 18.27
000014 358.32 164.23 20.90 18.12
000014 677.38 240.19 24.19 15.66
000014 343.99 171.99 21.50 17.62
000014 390.00 222.00 19.20 19.73
000014 296.64 123.84 23.04 16.44
000014 324.00 181.44 23.04 16.44
000014 344.00 165.00 21.00 18.04
000014 289.00 121.00 23.00 16.47
000014 391.00 223.00 20.00 18.94
000014 349.00 129.00 21.00 18.04
000014 279.94 167.96 22.81 16.61
000014 94.56 92.07 17.42 21.75
000014 290.24 164.83 21.50 17.62
000014 333.60 109.20 21.60 17.54
000014 291.60 164.40 22.80 16.61
000014 390.24 221.76 18.72 20.23
000014 279.94 169.34 22.46 16.86
000014 869.00 38.00 37.00 10.24
000014 672.19 245.38 25.92 14.61
000014 795.47 247.24 28.67 13.21
000014 855.00 49.00 36.00 10.52
000014 337.20 189.60 21.60 17.54
000014 1150.56 300.96 64.80 5.85
000014 316.80 184.32 21.60 17.54
000014 110.59 307.58 50.11 7.56
000014 349.20 128.40 20.40 18.57
000014 293.76 177.98 22.46 16.86
000014 792.12 248.83 26.96 14.05
000014 397.14 131.38 11.94 31.71
000014 528.52 128.40 8.96 42.29
000014 537.48 161.24 10.75 35.24
000014 548.23 157.66 7.17 52.86
000014 397.73 222.16 17.92 21.14
000014 698.00 203.00 12.00 31.57
000014 494.00 39.00 14.00 27.06
000014 249.60 158.40 21.60 17.54
000014 672.00 246.00 25.20 15.03
000014 288.00 177.60 22.80 16.61
000014 1084.80 229.20 62.40 6.07
000014 1159.49 297.22 65.66 5.77
000014 354.24 136.51 20.74 18.27
000014 678.07 240.54 24.88 15.22
000014 804.56 244.68 26.96 14.05
000014 278.69 169.21 22.39 16.91
000014 400.12 223.95 17.92 21.14
000014 404.90 214.99 17.92 21.14
000014 867.00 39.00 37.00 10.24
000014 324.00 181.20 22.80 16.61
000014 724.80 290.40 39.60 9.57
000014 658.37 233.28 23.33 16.24
000014 336.96 188.35 22.46 16.86
000014 381.89 131.33 20.74 18.27
000014 292.38 163.81 22.81 16.61
000014 360.81 126.49 20.74 18.27
000014 403.11 226.44 19.91 19.03
000014 673.00 247.00 25.00 15.15
000014 696.00 186.00 12.00 31.57
000014 344.16 165.60 20.16 18.79
000014 1154.30 290.30 65.66 5.77
000014 390.53 221.18 19.01 19.93
000014 323.14 179.71 22.46 16.86
000014 358.32 164.23 22.39 16.91
000014 794.27 247.84 26.87 14.10
000014 550.00 153.00 7.00 54.11
000014 392.00 220.00 20.00 18.94
000014 697.00 201.00 12.00 31.57
000014 1155.60 290.40 64.80 5.85
000014 280.80 168.48 21.60 17.54
000014 698.40 203.04 12.96 29.23
000014 309.31 122.69 22.46 16.86
000014 724.03 290.30 38.02 9.96
000014 1148.77 296.52 64.28 5.89
000014 274.71 191.10 20.90 18.12
000014 281.00 168.00 22.00 17.22
000014 289.00 144.00 23.00 16.47
000014 343.20 165.60 20.40 18.57
000014 355.20 136.80 21.60 17.54
000014 110.88 308.16 48.96 7.74
000014 696.38 203.90 12.10 31.32
000014 620.35 304.13 43.20 8.77
000014 689.47 202.18 12.10 31.32
000014 793.15 248.83 27.65 13.70
000014 694.66 203.21 10.37 36.53
000014 725.76 290.30 39.40 9.61
000014 308.97 122.34 22.81 16.61
000014 731.57 246.34 24.88 15.22
000014 474.77 95.55 17.92 21.14
000014 274.00 193.00 22.00 17.22
000014 698.40 202.80 12.00 31.57
000014 676.80 240.00 25.20 15.03
000014 343.20 108.00 20.40 18.57
000014 552.96 195.26 12.10 31.32
000014 399.17 53.57 20.74 18.27
000014 1152.92 288.23 64.28 5.89
000014 402.28 226.02 18.66 20.30
000014 293.62 176.67 22.39 16.91
000014 406.09 214.99 20.90 18.12
000014 486.72 197.07 17.32 21.87
000014 659.00 232.00 24.00 15.78
000014 111.60 321.60 50.40 7.52
000014 619.20 304.80 43.20 8.77
000014 111.60 307.20 49.20 7.70
000014 312.77 177.98 22.46 16.86
000014 250.91 130.64 22.81 16.61
000014 656.92 233.90 24.47 15.48
000014 636.01 232.91 20.90 18.12
000014 527.00 135.00 10.00 37.88
000014 695.00 194.00 12.00 31.57
000014 525.60 126.72 7.20 52.61
000014 1149.12 298.94 63.94 5.92
000014 542.59 160.70 6.91 54.80
000014 358.73 163.81 20.74 18.27
000014 283.67 166.72 22.39 16.91
000014 373.25 194.09 19.91 19.03
000014 314.00 116.00 22.00 17.22
000014 250.00 159.00 21.00 18.04
000014 659.00 236.00 24.00 15.78
000014 531.60 188.40 10.80 35.07
000014 318.00 184.80 22.80 16.61
000014 1150.80 301.20 66.00 5.74
000014 305.28 70.56 23.04 16.44
000014 525.60 131.04 10.08 37.58
000014 1160.64 298.08 64.80 5.85
000014 672.48 246.24 25.92 14.61
000014 342.72 108.00 20.16 18.79
000014 527.04 126.14 10.37 36.53
000014 533.95 184.90 10.37 36.53
000014 1168.13 293.76 63.94 5.92
000014 671.85 244.68 24.88 15.22
000014 694.66 194.92 12.44 30.45
000014 389.84 221.88 18.66 20.30
000014 381.54 80.87 18.66 20.30
000014 485.22 199.07 16.42 23.06
000014 405.60 129.39 22.39 16.91
000014 253.81 220.96 13.74 27.58
000014 530.31 171.99 10.75 35.24
000014 268.74 168.41 21.50 17.62
000014 308.15 121.83 21.50 17.62
000014 282.00 191.00 22.00 17.22
000014 246.00 133.00 23.00 16.47
000014 279.00 187.00 22.00 17.22
000014 280.80 168.00 21.60 17.54
000014 402.28 221.88 18.66 20.30
000014 731.98 294.45 41.47 9.13
000014 292.38 176.26 20.74 18.27
000014 547.43 182.48 8.29 45.67
000014 866.76 259.20 35.25 10.75
000014 644.48 238.88 22.39 16.91
000014 534.99 189.11 9.95 38.06
000014 519.56 188.12 8.96 42.29
000014 412.07 121.83 17.92 21.14
000014 372.00 144.00 21.00 18.04
000014 312.00 140.00 22.00 17.22
000014 867.60 38.40 37.20 10.18
000014 685.20 321.60 48.00 7.89
000014 270.00 106.80 22.80 16.61
000014 88.80 190.80 51.60 7.34
000014 676.80 240.48 25.92 14.61
000014 695.52 195.84 12.96 29.23
000014 311.04 139.68 21.60 17.54
000014 274.75 191.81 22.46 16.86
000014 793.77 248.83 27.37 13.84
000014 472.78 94.56 17.42 21.75
000014 471.79 101.52 17.92 21.14
000014 558.38 185.13 11.94 31.71
000014 644.97 238.88 20.90 18.12
000014 492.69 197.07 14.93 25.37
000014 207.82 161.24 17.92 21.14
000014 243.66 157.66 21.50 17.62
000014 274.00 55.00 23.00 16.47
000014 974.00 71.00 35.00 10.82
000014 658.80 231.60 24.00 15.78
000014 695.52 172.80 11.52 32.88
000014 1160.64 319.68 64.80 5.85
000014 280.80 172.80 23.04 16.44
000014 528.77 190.77 10.37 36.53
000014 1142.55 298.60 66.36 5.71
000014 679.31 241.37 24.88 15.22
000014 653.93 232.91 21.90 17.30
000014 332.00 112.00 22.00 17.22
000014 338.00 109.00 21.00 18.04
000014 552.00 203.00 13.00 29.14
000014 311.00 105.00 21.00 18.04
000014 536.40 183.60 12.00 31.57
000014 62.40 100.80 18.00 21.04
000014 553.20 194.40 13.20 28.70
000014 325.20 126.00 22.80 16.61
000014 531.36 126.72 8.64 43.84
000014 525.31 131.33 10.37 36.53
000014 402.62 226.37 19.01 19.93
000014 243.65 136.51 22.46 16.86
000014 726.59 291.13 37.32 10.15
000014 520.06 189.11 9.95 38.06
000014 468.80 209.02 17.92 21.14
000014 480.74 101.52 17.92 21.14
000014 534.49 188.12 8.96 42.29
000014 876.00 31.00 37.00 10.24
000014 1100.40 236.40 61.20 6.19
000014 697.20 200.40 12.00 31.57
000014 498.24 211.68 15.84 23.91
000014 381.60 82.08 18.72 20.23
000014 348.48 128.16 20.16 18.79
000014 530.50 126.14 10.37 36.53
000014 617.10 226.44 14.93 25.37
000014 470.29 107.00 17.42 21.75
000014 692.75 203.05 11.94 31.71
000014 730.97 243.66 25.08 15.10
000014 472.80 109.20 18.00 21.04
000014 316.80 69.60 22.80 16.61
000014 480.96 109.44 17.86 21.21
000014 312.48 178.56 23.04 16.44
000014 400.32 53.28 21.60 17.54
000014 475.20 210.24 19.01 19.93
000014 549.50 153.79 6.91 54.80
000014 293.76 164.16 24.19 15.66
000014 526.69 130.64 10.37 36.53
000014 657.33 234.32 23.16 16.36
000014 709.17 161.74 7.46 50.74
000014 687.97 150.49 10.75 35.24
000014 492.00 209.00 16.80 22.55
000014 280.80 189.60 21.60 17.54
000014 399.60 51.60 20.40 18.57
000014 381.60 116.40 20.40 18.57
000014 552.96 156.96 7.20 52.61
000014 538.56 171.36 11.52 32.88
000014 734.40 295.49 41.47 9.13
000014 543.28 159.67 8.29 45.67
000014 167.96 300.67 39.40 9.61
000014 528.77 170.04 11.20 33.83
000014 549.92 154.28 7.46 50.74
000014 525.04 176.67 9.95 38.06
000014 470.29 209.02 17.42 21.75
000014 689.76 173.19 11.94 31.71
000014 868.92 259.78 29.86 12.69
000014 686.78 152.29 8.96 42.29
000014 209.02 161.24 17.92 21.14
000014 709.47 161.24 7.17 52.86
000014 465.81 207.82 14.33 26.43
000014 691.55 200.66 10.75 35.24
000014 458.65 211.41 13.74 27.58
000014 310.00 58.00 23.00 16.47
000014 325.00 126.00 22.00 17.22
000014 551.00 187.00 13.00 29.14
000014 554.00 161.00 6.80 55.70
000014 490.80 202.80 15.60 24.28
000014 530.40 198.00 10.80 35.07
000014 552.96 194.40 12.96 29.23
000014 712.80 161.28 9.50 39.86
000014 974.88 70.56 36.00 10.52
000014 535.68 188.35 10.37 36.53
000014 468.29 98.50 17.28 21.92
000014 694.66 172.80 12.10 31.32
000014 876.10 260.93 34.56 10.96
000014 781.33 276.20 34.84 10.87
000014 549.42 158.26 8.96 42.29
000014 683.00 157.00 13.00 29.14
000014 542.40 160.80 7.20 52.61
000014 474.00 93.60 24.00 15.78
000014 498.24 203.04 15.84 23.91
000014 485.28 105.12 -38.72 -9.78
000014 478.66 93.31 17.28 21.92
000014 547.78 181.44 8.64 43.84
000014 710.21 160.70 7.26 52.19
000014 530.84 130.64 10.37 36.53
000014 534.99 188.70 10.37 36.53
000014 695.73 161.24 11.94 31.71
000014 683.79 197.07 11.94 31.71
000014 494.48 204.24 14.33 26.43
000014 1151.00 302.00 65.00 5.83
000014 394.00 134.00 19.60 19.33
000014 510.00 206.40 13.20 28.70
000014 552.96 161.28 7.20 52.61
000014 286.56 169.92 23.04 16.44
000014 354.24 136.80 20.16 18.79
000014 685.44 322.56 47.52 7.97
000014 404.35 128.56 20.74 18.27
000014 671.85 244.85 26.87 14.10
000014 555.39 186.33 10.75 35.24
000014 680.80 240.07 25.08 15.10
000014 655.72 232.91 25.08 15.10
000014 619.89 225.74 16.72 22.65
000014 691.00 205.00 167.00 2.27
000014 343.00 108.00 20.00 18.94
000014 317.00 66.00 21.00 18.04
000014 102.00 210.00 51.60 7.34
000014 102.24 210.24 51.84 7.31
000014 473.76 93.60 23.76 15.94
000014 485.28 102.24 16.99 22.29
000014 707.04 168.48 10.66 35.55
000014 67.68 133.92 18.72 20.23
000014 552.96 158.98 6.91 54.80
000014 468.63 103.68 16.59 22.83
000014 711.24 296.52 41.47 9.13
000014 680.80 241.86 26.87 14.10
000014 318.00 185.00 23.00 16.47
000014 57.00 104.00 18.00 21.04
000014 324.00 182.00 23.00 16.47
000014 667.00 231.00 24.00 15.78
000014 672.00 231.00 26.00 14.57
000014 366.00 183.00 20.00 18.94
000014 62.00 101.00 18.00 21.04
000014 482.40 109.20 18.00 21.04
000014 686.40 189.60 13.20 28.70
000014 55.20 103.20 18.00 21.04
000014 493.92 197.28 15.26 24.82
000014 682.56 156.96 11.76 32.21
000014 642.82 238.46 22.18 17.08
000014 692.58 172.11 341.22 1.11
000014 244.68 136.86 22.81 16.61
000014 165.89 296.52 39.40 9.61
000014 534.99 171.69 12.44 30.45
000014 689.26 171.69 9.95 38.06
000014 447.90 214.99 21.50 17.62
000014 223.00 153.00 22.00 17.22
000014 380.00 36.00 21.00 18.04
000014 549.60 152.40 6.72 56.37
000014 525.60 133.20 10.60 35.73
000014 409.20 118.80 18.00 21.04
000014 868.80 52.80 37.20 10.18
000014 684.00 318.24 47.52 7.97
000014 534.24 191.52 10.08 37.58
000014 865.94 261.27 24.88 15.22
000014 525.53 176.17 11.94 31.71
000014 537.48 197.07 12.44 30.45
000014 375.00 49.00 21.00 18.04
000014 310.80 139.20 20.40 18.57
000014 1160.40 300.00 66.00 5.74
000014 286.80 170.40 22.80 16.61
000014 369.60 123.60 20.40 18.57
000014 551.52 185.76 12.96 29.23
000014 485.57 98.50 19.01 19.93
000014 470.02 107.14 17.86 21.21
000014 671.85 246.34 27.37 13.84
000014 710.66 161.24 8.96 42.29
000014 542.40 157.20 7.20 52.61
000014 498.00 212.40 15.60 24.28
000014 696.96 185.76 12.96 29.23
000014 367.20 53.28 21.60 17.54
000014 694.66 162.43 12.10 31.32
000014 309.31 138.24 20.74 18.27
000014 524.62 178.33 10.37 36.53
000014 694.24 204.04 -30.56 -12.40
000014 457.85 211.51 14.93 25.37
000014 548.23 179.16 14.33 26.43
000014 504.00 207.00 14.00 27.06
000014 531.00 126.00 10.20 37.14
000014 356.00 138.00 22.00 17.22
000014 541.00 182.00 12.00 31.57
000014 888.00 47.00 37.00 10.24
000014 400.80 54.00 21.60 17.54
000014 494.40 196.80 15.60 24.28
000014 502.80 206.40 13.20 28.70
000014 868.32 51.84 37.44 10.12
000014 279.94 190.08 22.46 16.86
000014 689.47 171.07 11.23 33.72
000014 501.12 205.63 13.82 27.40
000014 479.00 93.31 22.81 16.61
000014 291.13 164.23 22.39 16.91
000014 549.92 204.04 12.44 30.45
000014 497.66 206.53 17.42 21.75
000014 675.00 243.00 23.00 16.47
000014 309.60 57.60 24.00 15.78
000014 274.80 192.00 22.80 16.61
000014 472.32 109.44 17.28 21.92
000014 540.00 195.84 12.00 31.57
000014 116.64 109.44 18.14 20.88
000014 806.40 244.80 128.16 2.96
000014 542.59 157.25 6.91 54.80
000014 696.38 186.62 12.10 31.32
000014 375.00 116.00 21.00 18.04
000014 624.00 175.00 4.00 94.70
000014 310.00 139.00 22.00 17.22
000014 472.00 109.00 18.00 21.04
000014 528.00 126.00 10.80 35.07
000014 972.00 69.60 32.40 11.69
000014 682.80 195.60 12.00 31.57
000014 706.80 169.20 13.20 28.70
000014 528.48 188.64 10.08 37.58
000014 528.77 190.08 10.37 36.53
000014 482.73 99.53 17.42 21.75
000014 758.94 263.76 31.10 12.18
000014 322.49 125.41 25.08 15.10
000014 528.00 126.00 65.76 5.76
000014 554.00 157.00 8.00 47.35
000014 527.00 185.00 11.00 34.44
000014 482.00 109.00 18.00 21.04
000014 382.00 82.00 19.00 19.94
000014 98.00 232.00 52.40 7.23
000014 270.00 167.00 22.00 17.22
000014 380.00 80.00 19.00 19.94
000014 711.00 161.00 11.16 33.94
000014 508.00 64.00 14.00 27.06
000014 279.60 187.20 20.40 18.57
000014 381.60 82.80 18.00 21.04
000014 367.20 52.80 21.60 17.54
000014 684.00 188.64 10.08 37.58
000014 552.96 181.44 12.96 29.23
000014 549.50 162.43 6.91 54.80
000014 76.72 182.48 -860.48 -0.44
000014 627.06 179.16 14.93 25.37
000014 278.69 189.11 22.39 16.91
000014 482.73 107.00 17.42 21.75
000014 680.80 161.24 10.75 35.24
000014 328.00 32.00 23.00 16.47
000014 382.00 116.00 21.00 18.04
000014 410.00 119.00 18.00 21.04
000014 71.00 121.00 18.00 21.04
000014 529.00 188.00 11.00 34.44
000014 538.80 171.60 12.00 31.57
000014 542.88 156.96 7.20 52.61
000014 456.19 207.36 20.74 18.27
000014 116.12 109.90 18.66 20.30
000014 470.29 99.53 19.91 19.03
000014 689.26 154.28 12.44 30.45
000014 731.57 256.79 14.93 25.37
000014 659.90 152.29 8.96 42.29
000014 530.31 128.99 10.75 35.24
000014 666.47 243.66 25.08 15.10
000014 126.00 207.00 52.80 7.17
000014 543.00 161.00 8.00 47.35
000014 683.00 196.00 13.00 29.14
000014 992.00 248.00 320.96 1.18
000014 498.00 202.80 16.80 22.55
000014 538.80 187.20 12.00 31.57
000014 548.64 164.16 7.20 52.61
000014 250.56 158.40 23.04 16.44
000014 532.22 131.33 10.37 36.53
000014 520.13 191.81 12.10 31.32
000014 627.06 179.16 4.98 76.11
000014 702.30 154.08 14.33 26.43
000014 653.00 160.00 -47.00 -8.06
000014 48.00 113.00 17.00 22.28
000014 66.00 133.00 17.00 22.28
000014 440.40 44.40 21.36 17.73
000014 539.14 186.62 12.10 31.32
000014 487.30 209.43 16.59 22.83
000014 696.73 161.74 14.52 26.10
000014 680.80 161.24 11.45 33.09
000014 687.97 175.58 10.75 35.24
000014 70.00 129.00 -840.73 -0.45
000014 498.00 213.00 16.00 23.67
000014 308.00 55.00 23.00 16.47
000014 401.00 55.00 22.00 17.22
000014 115.20 319.68 46.08 8.22
000014 539.14 194.92 13.82 27.40
000014 342.14 167.96 20.74 18.27
000014 499.74 205.29 14.52 26.10
000014 846.03 284.08 39.40 9.61
000014 245.00 138.00 22.00 17.22
000014 497.00 203.00 16.00 23.67
000014 844.80 45.60 196.80 1.92
000014 694.80 194.40 12.00 31.57
000014 483.84 108.00 17.28 21.92
000014 275.04 191.52 23.04 16.44
000014 222.91 153.79 22.46 16.86
000014 216.00 153.79 22.46 16.86
000014 229.82 160.70 22.46 16.86
000014 277.86 188.70 20.74 18.27
000014 527.52 129.39 9.95 38.06
000014 336.00 190.00 22.00 17.22
000014 539.00 171.00 12.00 31.57
000014 842.40 46.80 34.80 10.88
000014 626.23 178.33 4.15 91.34
000014 230.17 159.67 22.81 16.61
000014 294.00 124.80 -724.80 -0.52
000014 280.80 190.08 21.60 17.54
000014 233.28 159.84 -705.72 -0.54
000014 688.44 153.45 12.79 29.62
000014 231.41 159.25 24.88 15.22
000014 310.54 122.43 23.89 15.86
000014 545.00 192.00 11.00 34.44
000014 353.00 67.00 -288.99 -1.31
000014 547.00 107.00 7.00 54.11
000014 460.80 172.80 12.80 29.59
000014 357.60 163.20 20.64 18.35
000014 547.20 182.88 12.96 29.23
000014 352.80 174.24 20.16 18.79
000014 682.56 195.26 12.10 31.32
000014 218.57 150.49 10.75 35.24
000014 648.56 146.91 7.17 52.86
000014 346.80 126.00 19.80 19.13
000014 962.98 266.25 38.50 9.84
000014 79.63 184.14 -729.37 -0.52
000014 477.76 217.98 17.92 21.14
000014 244.85 134.37 23.39 16.19
000014 634.22 207.82 7.17 52.86
000014 627.00 180.00 4.20 90.19
000014 305.00 62.00 -629.85 -0.60
000014 303.60 62.40 22.80 16.61
000014 534.24 129.60 -143.14 -2.65
000014 696.00 172.80 12.00 31.57
000014 252.00 129.60 22.18 17.08
000014 380.16 81.22 17.28 21.92
000014 684.00 190.00 11.00 34.44
000014 364.00 53.00 21.00 18.04
000014 987.84 247.68 268.22 1.41
000014 682.21 194.92 12.44 30.45
000014 875.06 259.20 31.10 12.18
000014 460.34 174.18 12.44 30.45
000014 462.00 174.00 -109.00 -3.48
000014 539.00 187.00 12.00 31.57
000014 316.80 66.00 20.40 18.57
000014 741.60 259.20 29.66 12.77
000014 452.04 215.65 20.04 18.90
000014 221.46 144.32 24.47 15.48
000014 312.00 178.80 -146.40 -2.59
000014 528.00 184.80 12.00 31.57
000014 534.00 192.00 10.00 37.88
000014 490.80 212.40 15.60 24.28
000014 516.00 190.80 12.00 31.57
000014 209.09 91.58 -83.23 -4.55
000014 305.00 70.00 24.00 15.78
000014 249.00 121.00 -285.00 -1.33
000014 690.00 178.80 11.00 34.44
000014 223.00 144.00 23.80 15.92
000014 547.00 183.00 13.00 29.14
000014 696.00 174.00 386.00 0.98
000014 642.00 178.80 7.20 52.61
000014 219.60 124.80 22.80 16.61
000014 735.84 256.32 27.36 13.84
000014 460.34 172.11 12.44 30.45
000014 492.00 37.00 13.20 28.70
000014 537.00 184.00 9.00 42.09
000014 540.00 195.60 12.00 31.57
000014 308.40 67.20 22.80 16.61
000014 57.60 270.72 -214.40 -1.77
000014 122.34 205.29 51.84 7.31
000014 549.00 179.00 35.78 10.59
000014 357.00 163.00 76.00 4.98
000014 541.20 181.20 8.28 45.72
000014 461.38 172.80 12.10 31.32
000014 623.52 174.24 11.81 32.08
000014 383.00 55.00 -425.80 -0.89
000014 118.25 204.24 -175.52 -2.16
000014 247.00 146.00 -278.00 -1.36
000014 460.80 216.00 20.16 18.79
000014 657.00 178.00 -51.00 -7.43
000014 370.00 48.00 39.00 9.71
000015 800.06 119.23 10.37 37.07
000015 799.20 110.88 10.08 38.13
000015 800.06 112.32 10.37 37.07
000015 801.00 120.00 11.00 34.94
000015 763.20 39.60 4.80 80.08
000015 800.40 111.60 10.80 35.59
000015 659.52 95.04 1.44 266.92
000015 269.57 55.30 38.02 10.11
000015 798.34 111.97 10.37 37.07
000015 699.00 166.00 4.00 96.09
000015 659.40 95.39 2.07 185.36
000015 242.40 52.80 38.40 10.01
000015 673.64 132.58 3.58 107.27
000015 991.00 41.00 22.00 17.47
000015 693.60 58.80 8.60 44.69
000015 984.96 101.61 37.32 10.30
000015 159.67 68.43 39.40 9.76
000015 659.90 95.55 2.99 128.72
000015 660.00 94.80 1.20 320.32
000015 660.10 96.77 1.73 222.43
000015 706.00 95.00 4.00 96.09
000015 983.52 102.24 37.44 10.27
000015 274.75 55.30 38.02 10.11
000015 659.00 95.00 2.00 192.19
000015 699.84 165.60 4.32 88.97
000015 984.96 101.95 38.02 10.11
000015 798.75 111.97 9.95 38.62
000015 290.00 105.00 39.00 9.86
000015 286.56 51.84 38.88 9.89
000015 659.40 97.04 0.00 inf
000015 169.00 69.00 38.00 10.12
000015 775.20 110.40 10.20 37.68
000015 982.08 87.84 37.44 10.27
000015 761.76 120.96 7.20 53.39
000015 1000.00 41.00 23.00 16.71
000015 999.60 40.80 22.80 16.86
000015 1071.36 62.21 31.10 12.36
000015 701.71 159.25 4.98 77.23
000015 644.48 156.76 2.49 154.47
000015 992.00 44.00 23.00 16.71
000015 499.20 115.20 28.80 13.35
000015 687.60 111.60 3.60 106.77
000015 700.88 165.89 4.15 92.68
000015 1036.80 70.50 29.03 13.24
000015 711.24 99.53 4.15 92.68
000015 664.00 171.00 3.00 128.12
000015 688.00 186.00 4.00 96.09
000015 984.00 103.00 38.00 10.12
000015 711.60 99.60 4.80 80.08
000015 1028.16 73.44 25.92 14.83
000015 775.53 118.20 10.37 37.07
000015 982.89 84.60 37.32 10.30
000015 671.85 149.30 2.99 128.73
000015 439.00 119.00 40.00 9.61
000015 699.60 165.60 4.80 80.08
000015 1089.60 57.60 32.40 11.86
000015 169.20 69.60 38.40 10.01
000015 763.20 120.00 7.20 53.38
000015 691.20 177.12 4.32 88.97
000015 774.72 110.88 7.20 53.38
000015 676.80 166.80 3.60 106.77
000015 807.60 46.80 9.60 40.04
000015 172.80 67.68 37.44 10.27
000015 645.12 156.96 2.88 133.47
000015 694.66 174.18 4.15 92.68
000015 701.71 166.72 4.98 77.23
000015 644.97 161.24 2.99 128.73
000015 500.00 117.00 29.00 13.25
000015 614.00 41.00 8.00 48.05
000015 1146.00 37.20 37.20 10.33
000015 660.96 172.80 4.32 88.97
000015 1074.24 57.60 33.12 11.61
000015 691.20 179.71 5.18 74.15
000015 699.84 165.89 3.46 111.22
000015 659.40 172.11 4.15 92.68
000015 763.08 72.58 6.22 61.79
000015 797.26 116.45 8.96 42.91
000015 951.00 95.00 38.00 10.12
000015 792.00 49.20 8.40 45.76
000015 644.40 134.40 3.60 106.77
000015 498.24 115.20 28.80 13.35
000015 181.44 60.48 38.88 9.89
000015 164.16 63.94 38.02 10.11
000015 983.23 86.40 38.02 10.11
000015 644.89 157.59 2.07 185.36
000015 701.71 158.26 5.97 64.36
000015 656.00 167.00 3.00 128.12
000015 666.00 169.20 2.40 160.16
000015 499.39 114.05 29.38 13.08
000015 775.87 110.59 10.37 37.07
000015 762.05 120.96 6.91 55.61
000015 174.53 67.39 39.74 9.67
000015 985.38 101.52 38.82 9.90
000015 777.55 114.66 7.17 53.64
000015 1075.00 59.00 32.00 12.01
000015 561.00 143.00 22.00 17.47
000015 996.00 35.00 23.00 16.71
000015 981.60 88.80 37.20 10.33
000015 645.60 157.20 2.40 160.15
000015 288.00 51.60 39.60 9.71
000015 655.20 165.60 2.88 133.46
000015 1090.08 53.28 31.68 12.13
000015 783.36 61.92 7.20 53.38
000015 648.00 133.92 1.44 266.92
000015 1035.07 72.58 27.65 13.90
000015 474.77 107.50 35.83 10.73
000015 670.05 150.49 0.00 inf
000015 785.00 149.00 9.00 42.71
000015 1030.80 73.20 28.80 13.35
000015 646.80 130.80 2.40 160.15
000015 711.94 98.50 4.90 78.51
000015 167.96 70.50 37.32 10.30
000015 659.40 167.96 4.15 92.68
000015 286.65 104.51 38.82 9.90
000015 710.66 98.54 2.99 128.73
000015 1088.00 56.00 31.00 12.40
000015 1075.20 58.80 32.40 11.86
000015 788.40 44.40 7.40 51.94
000015 695.52 175.68 4.32 88.97
000015 468.80 122.43 35.83 10.73
000015 633.03 188.12 8.96 42.91
000015 658.00 166.00 3.00 128.12
000015 692.00 177.00 5.00 76.87
000015 776.40 147.60 8.40 45.76
000015 1128.96 46.08 37.44 10.27
000015 283.68 50.40 38.88 9.89
000015 1074.82 57.02 32.83 11.71
000015 675.65 169.34 3.46 111.22
000015 853.63 126.14 13.82 27.80
000015 798.34 118.20 10.37 37.07
000015 775.53 111.97 10.37 37.07
000015 124.42 79.63 37.32 10.30
000015 653.93 113.47 1.79 214.55
000015 390.57 236.49 28.67 13.41
000015 676.00 167.00 3.00 128.12
000015 782.40 56.40 8.40 45.76
000015 782.40 151.20 8.40 45.76
000015 177.60 58.80 37.20 10.33
000015 675.36 168.48 2.88 133.46
000015 247.68 51.84 38.88 9.89
000015 696.38 174.53 5.18 74.15
000015 646.27 157.25 3.46 111.22
000015 749.95 155.52 6.91 55.61
000015 233.28 55.30 38.02 10.11
000015 174.18 68.43 39.40 9.76
000015 111.97 93.31 37.32 10.30
000015 266.25 121.93 32.35 11.88
000015 674.33 171.69 2.49 154.47
000015 711.66 99.53 4.98 77.24
000015 656.92 170.20 2.99 128.73
000015 641.99 173.19 0.00 inf
000015 674.83 164.23 2.99 128.72
000015 600.18 176.17 8.96 42.91
000015 175.58 182.74 35.83 10.73
000015 902.00 51.00 24.00 16.02
000015 676.00 188.00 5.00 76.87
000015 469.20 122.40 34.80 11.05
000015 661.20 182.40 3.60 106.77
000015 664.80 165.60 2.40 160.15
000015 807.84 44.64 10.08 38.13
000015 780.48 60.48 8.64 44.49
000015 763.78 70.85 6.91 55.61
000015 440.43 94.56 39.81 9.65
000015 764.00 120.00 8.00 48.05
000015 804.00 38.00 9.00 42.71
000015 793.20 55.20 9.60 40.04
000015 997.20 46.80 23.76 16.18
000015 1035.36 72.00 28.80 13.35
000015 746.50 155.27 8.96 42.91
000015 498.06 111.08 28.67 13.41
000015 644.97 161.24 3.58 107.27
000015 661.00 173.00 2.00 192.19
000015 453.00 120.00 37.00 10.39
000015 273.60 54.72 38.88 9.89
000015 468.63 122.34 35.67 10.78
000015 505.96 70.50 26.96 14.26
000015 420.53 236.39 27.37 14.04
000015 983.00 89.00 39.00 9.86
000015 439.20 118.80 40.32 9.53
000015 177.98 58.75 38.02 10.11
000015 781.06 60.48 8.64 44.49
000015 916.53 99.53 32.37 11.87
000015 597.20 146.81 14.93 25.75
000015 916.70 125.41 30.86 12.46
000015 689.76 182.15 8.96 42.91
000015 673.64 175.58 3.58 107.27
000015 996.00 31.00 22.00 17.47
000015 291.60 122.40 28.80 13.35
000015 649.20 133.20 2.40 160.16
000015 775.87 117.50 10.37 37.07
000015 589.25 171.07 8.64 44.49
000015 497.66 114.05 29.86 12.87
000015 588.24 170.20 8.96 42.91
000015 421.02 235.89 26.87 14.30
000015 179.16 193.49 32.25 11.92
000015 784.00 63.00 7.00 54.91
000015 692.40 177.60 4.80 80.08
000015 781.92 151.20 8.64 44.49
000015 427.68 234.72 26.88 14.30
000015 266.11 120.96 32.83 11.71
000015 925.66 121.93 34.01 11.30
000015 651.94 164.23 2.49 154.47
000015 467.80 131.88 34.84 11.03
000015 659.40 171.69 4.98 77.24
000015 588.00 178.00 8.40 45.76
000015 783.60 62.40 7.20 53.38
000015 502.85 65.66 30.07 12.78
000015 689.26 179.16 2.49 154.47
000015 701.71 167.22 5.97 64.36
000015 688.00 112.00 4.00 96.09
000015 438.00 115.20 40.80 9.42
000015 420.48 237.60 28.80 13.35
000015 601.34 174.53 8.64 44.49
000015 703.30 158.98 6.34 60.66
000015 915.70 99.53 32.35 11.88
000015 746.50 156.76 7.46 51.49
000015 157.66 182.74 29.26 13.14
000015 668.00 187.00 5.00 76.87
000015 661.00 183.00 3.00 128.12
000015 763.20 68.40 6.00 64.06
000015 991.20 40.80 21.60 17.80
000015 852.00 127.20 13.00 29.57
000015 852.48 126.72 12.96 29.66
000015 112.32 93.31 38.02 10.11
000015 423.01 230.17 26.96 14.26
000015 176.67 186.62 39.81 9.65
000015 268.74 121.83 35.83 10.73
000015 650.00 135.00 3.00 128.12
000015 445.00 120.00 38.20 10.06
000015 781.20 61.20 8.40 45.76
000015 682.56 187.20 10.71 35.88
000015 773.28 156.96 6.48 59.32
000015 812.16 154.08 -77.41 -4.97
000015 919.30 107.14 33.70 11.41
000015 181.44 110.59 38.02 10.11
000015 817.00 143.08 11.75 32.71
000015 632.45 186.62 8.29 46.34
000015 607.56 147.23 10.37 37.07
000015 437.00 116.00 40.00 9.61
000015 656.00 173.00 3.00 128.12
000015 1137.60 43.20 37.20 10.33
000015 177.12 59.04 37.44 10.27
000015 459.65 126.14 36.63 10.49
000015 682.56 184.90 8.92 43.08
000015 472.78 107.83 34.84 11.03
000015 568.17 122.34 20.74 18.54
000015 916.70 98.54 30.86 12.46
000015 562.56 136.16 21.50 17.88
000015 429.00 234.00 -461.82 -0.83
000015 854.40 130.80 14.40 26.69
000015 784.80 148.80 9.60 40.04
000015 800.64 48.96 10.08 38.13
000015 793.44 56.16 8.64 44.49
000015 465.12 125.28 36.00 10.68
000015 184.32 110.88 -457.68 -0.84
000015 468.29 122.69 34.56 11.12
000015 632.03 186.62 7.46 51.49
000015 487.31 118.25 28.67 13.41
000015 795.47 114.66 -106.53 -3.61
000015 435.60 235.20 16.60 23.15
000015 644.40 128.40 3.60 106.77
000015 688.80 188.40 7.68 50.05
000015 656.64 171.36 2.88 133.46
000015 461.38 120.96 38.36 10.02
000015 682.21 184.55 2.07 185.36
000015 462.41 126.49 36.91 10.41
000015 441.68 107.83 38.57 9.97
000015 681.80 184.14 1.40 274.58
000015 423.01 228.93 24.88 15.45
000015 288.65 104.51 39.81 9.65
000015 818.16 146.31 14.43 26.63
000015 391.16 235.89 29.86 12.87
000015 164.83 193.49 35.83 10.73
000015 994.00 48.00 20.00 19.22
000015 243.00 54.00 38.00 10.12
000015 783.00 152.00 8.00 48.05
000015 855.00 132.00 14.00 27.46
000015 422.00 233.00 27.20 14.13
000015 750.00 154.80 6.00 64.06
000015 180.00 110.40 38.00 10.12
000015 1074.00 43.20 32.40 11.86
000015 181.20 61.20 37.20 10.33
000015 560.16 141.12 21.02 18.28
000015 596.16 146.88 10.37 37.07
000015 472.78 103.68 35.25 10.90
000015 634.22 186.33 3.58 107.27
000015 292.00 123.00 29.00 13.25
000015 273.60 55.20 38.40 10.01
000015 1031.04 56.16 25.34 15.17
000015 779.33 153.79 8.64 44.49
000015 795.47 146.91 10.75 35.76
000015 659.31 168.41 3.58 107.27
000015 976.00 46.00 35.00 10.98
000015 472.80 108.00 34.80 11.05
000015 779.04 155.52 8.64 44.49
000015 285.12 122.40 -558.72 -0.69
000015 267.49 122.34 33.18 11.59
000015 182.48 109.90 35.60 10.80
000015 674.83 173.19 2.99 128.72
000015 587.64 168.41 7.17 53.64
000015 917.29 125.41 30.46 12.62
000015 696.00 177.00 5.00 76.87
000015 903.00 54.00 26.04 14.76
000015 265.20 121.20 32.20 11.94
000015 796.26 143.08 8.29 46.34
000015 439.60 116.12 39.40 9.76
000015 796.26 146.81 9.95 38.62
000015 286.65 122.43 27.87 13.79
000015 771.00 159.00 9.00 42.71
000015 288.00 51.00 39.00 9.86
000015 560.40 141.60 21.84 17.60
000015 565.20 142.80 91.20 4.21
000015 633.60 187.20 8.64 44.49
000015 472.32 108.00 34.56 11.12
000015 426.82 235.01 27.65 13.90
000015 587.24 156.76 13.93 27.58
000015 806.22 158.26 12.44 30.89
000015 755.45 158.26 8.96 42.91
000015 579.28 122.43 26.87 14.30
000015 640.00 176.00 -246.80 -1.56
000015 801.00 49.00 9.00 42.71
000015 420.00 238.00 -18.00 -21.35
000015 870.00 147.60 748.17 0.51
000015 675.36 187.20 7.20 53.38
000015 931.39 108.86 -50.11 -7.67
000015 862.27 127.87 15.55 24.72
000015 597.20 147.23 12.44 30.89
000015 926.90 122.34 36.90 10.42
000015 818.66 144.32 19.46 19.75
000015 468.80 134.37 35.83 10.73
000015 283.07 121.83 25.08 15.32
000015 759.00 162.00 -36.60 -10.50
000015 1084.00 48.00 430.00 0.89
000015 929.66 120.96 38.30 10.03
000015 819.07 147.23 10.37 37.07
000015 930.63 109.49 843.54 0.46
000015 783.82 154.28 8.29 46.34
000015 868.92 140.34 26.87 14.30
000015 1164.00 33.00 41.00 9.37
000015 866.00 97.00 110.00 3.49
000015 1074.00 43.00 33.00 11.65
000015 861.12 128.16 14.40 26.69
000015 855.36 122.40 14.40 26.69
000015 566.78 122.69 19.35 19.86
000015 774.14 157.25 8.64 44.49
000015 172.80 188.35 38.02 10.11
000015 777.60 153.45 6.22 61.79
000015 296.11 104.51 39.81 9.65
000015 862.95 146.31 265.75 1.45
000015 424.01 226.93 26.87 14.30
000015 797.76 142.56 9.76 39.38
000015 768.96 158.40 7.20 53.38
000015 286.85 105.41 36.29 10.59
000015 588.90 155.52 8.29 46.34
000015 472.78 226.44 22.39 17.16
000015 555.39 134.37 14.93 25.75
000015 601.00 178.00 8.00 48.05
000015 603.00 149.00 9.72 39.54
000015 861.60 147.60 189.12 2.03
000015 654.00 177.60 4.00 96.09
000015 469.40 132.58 45.39 8.47
000015 422.82 236.49 28.67 13.41
000015 880.00 102.00 -18.28 -21.02
000015 801.60 45.60 17.09 22.49
000015 290.40 105.60 39.60 9.71
000015 769.20 158.40 7.20 53.38
000015 597.20 159.25 5.97 64.36
000015 826.12 149.30 20.87 18.41
000015 874.89 122.43 29.86 12.87
000015 776.36 146.31 9.95 38.62
000015 609.14 128.99 14.33 26.82
000015 596.00 178.00 10.40 36.96
000015 754.80 163.20 175.80 2.19
000015 476.40 226.80 22.80 16.86
000015 758.88 162.72 -36.00 -10.68
000015 819.36 146.88 14.16 27.14
000015 854.32 147.23 772.21 0.50
000015 771.38 156.76 7.46 51.49
000015 863.55 139.74 21.50 17.88
000015 820.55 157.66 20.14 19.09
000015 532.00 174.00 91.36 4.21
000015 626.40 147.60 2.40 160.15
000015 909.60 102.00 101.60 3.78
000015 852.48 131.04 14.40 26.69
000015 597.89 157.25 17.28 22.24
000015 438.94 116.45 41.21 9.33
000015 519.56 158.26 -41.44 -9.28
000015 444.91 107.50 41.80 9.19
000015 584.06 146.91 14.33 26.82
000015 754.56 162.72 9.56 40.21
000015 564.48 142.56 23.28 16.51
000015 634.18 186.62 8.64 44.49
000015 853.49 146.81 261.27 1.47
000015 701.71 104.51 12.44 30.89
000015 626.00 148.00 2.00 192.19
000015 471.00 134.00 341.61 1.13
000015 636.00 166.00 1.00 384.37
000015 856.80 122.40 14.80 25.97
000015 423.36 198.72 -92.16 -4.17
000015 778.84 154.28 9.95 38.62
000015 976.32 47.52 179.06 2.15
000015 863.45 126.90 17.42 22.07
000015 519.56 157.66 -142.84 -2.69
000015 633.00 188.00 265.97 1.45
000015 120.96 79.20 36.00 10.68
000015 820.80 146.88 15.84 24.27
000015 773.45 157.59 8.29 46.34
000015 635.00 188.00 8.60 44.69
000015 816.00 157.20 -77.00 -4.99
000015 1005.60 170.40 362.40 1.06
000015 597.60 175.20 5.76 66.73
000015 506.40 220.80 19.20 20.02
000015 1118.88 44.64 367.41 1.05
000015 626.23 149.30 -219.80 -1.75
000015 432.97 124.42 38.98 9.86
000015 764.00 162.00 9.00 42.71
000015 423.00 192.00 27.00 14.24
000015 439.20 106.56 -447.80 -0.86
000015 756.45 159.25 -93.55 -4.11
000015 860.96 119.44 52.25 7.36
000015 868.92 92.57 12.12 31.71
000015 625.00 170.00 -154.04 -2.50
000015 874.89 98.54 16.89 22.75
000015 759.63 157.66 7.17 53.64
000015 849.21 128.99 14.33 26.82
000015 477.00 228.00 23.00 16.71
000015 596.00 147.00 96.80 3.97
000015 283.00 50.00 -515.00 -0.75
000015 872.00 141.00 737.22 0.52
000015 920.00 98.00 21.00 18.30
000015 446.40 120.96 36.86 10.43
000015 643.68 177.12 2.59 148.29
000015 423.36 200.45 27.30 14.08
000015 554.90 136.86 21.98 17.49
000015 426.40 186.33 28.67 13.41
000015 420.94 194.92 27.79 13.83
000015 420.48 194.40 26.88 14.30
000015 408.48 225.74 28.67 13.41
000015 633.00 151.00 506.28 0.76
000015 520.13 153.79 -263.23 -1.46
000015 572.00 129.00 -84.00 -4.58
000015 644.40 177.60 77.40 4.97
000015 423.36 231.55 27.65 13.90
000015 641.39 186.33 -138.61 -2.77
000015 572.00 138.00 -7.60 -50.57
000015 576.00 129.60 20.40 18.84
000015 1149.00 34.00 39.00 9.86
000015 393.98 231.55 30.69 12.52
000015 1152.00 34.00 37.00 10.39
000015 601.00 138.00 -307.40 -1.25
000015 872.40 140.40 449.04 0.86
000015 637.92 178.56 -7.20 -53.39
000015 428.40 234.00 26.40 14.56
